
X_km  Z_floor  
629.9 98       
630   98       
630.1 98       
630.2 98       
630.3 98       
630.4 97       
630.5 97       
630.6 97       
630.7 97       
630.8 97       
630.9 97       
631   97       
631.1 97       
631.2 97       
631.3 97       
631.4 97       
631.5 97       
631.6 97       
631.7 97       
631.8 97       
631.9 97       
632   97       
632.1 97       
632.2 97       
632.3 97       
632.4 97       
632.5 97       
632.6 97       
632.7 97       
632.8 97       
632.9 97       
633   97       
633.1 97       
633.2 96       
633.3 96       
633.4 96       
633.5 96       
633.6 96       
633.7 95       
633.8 95       
633.9 95       
634   95       
634.1 94       
634.2 94       
634.3 94       
634.4 93       
634.5 93       
634.6 93       
634.7 92       
634.8 92       
634.9 91       
635   90       
635.1 90       
635.2 89       
635.3 88       
635.4 88       
635.5 87       
635.6 86       
635.7 85       
635.8 84       
635.9 83       
636   82       
636.1 81       
636.2 80       
636.3 79       
636.4 78       
636.5 77       
636.6 76       
636.7 76       
636.8 75       
636.9 74       
637   73       
637.1 72       
637.2 72       
637.3 71       
637.4 71       
637.5 70       
637.6 70       
637.7 69       
637.8 69       
637.9 69       
638   68       
638.1 68       
638.2 68       
638.3 68       
638.4 68       
638.5 68       
638.6 68       
638.7 68       
638.8 69       
638.9 70       
639   70       
639.1 71       
639.2 72       
639.3 74       
639.4 75       
639.5 76       
639.6 78       
639.7 79       
639.8 80       
639.9 81       
640   82       
640.1 83       
640.2 84       
640.3 85       
640.4 85       
640.5 86       
640.6 86       
640.7 87       
640.8 87       
640.9 87       
641   87       
641.1 86       
641.2 86       
641.3 85       
641.4 84       
641.5 82       
641.6 81       
641.7 80       
641.8 78       
641.9 77       
642   75       
642.1 74       
642.2 73       
642.3 72       
642.4 71       
642.5 71       
642.6 71       
642.7 71       
642.8 71       
642.9 71       
643   71       
643.1 72       
643.2 72       
643.3 72       
643.4 73       
643.5 73       
643.6 74       
643.7 74       
643.8 75       
643.9 76       
644   77       
644.1 78       
644.2 79       
644.3 80       
644.4 81       
644.5 82       
644.6 83       
644.7 84       
644.8 84       
644.9 85       
645   85       
645.1 85       
645.2 85       
645.3 85       
645.4 85       
645.5 84       
645.6 84       
645.7 83       
645.8 82       
645.9 82       
646   81       
646.1 80       
646.2 80       
646.3 79       
646.4 79       
646.5 79       
646.6 78       
646.7 78       
646.8 78       
646.9 79       
647   79       
647.1 80       
647.2 81       
647.3 82       
647.4 83       
647.5 84       
647.6 85       
647.7 86       
647.8 87       
647.9 88       
648   89       
648.1 89       
648.2 90       
648.3 90       
648.4 90       
648.5 90       
648.6 90       
648.7 90       
648.8 90       
648.9 90       
649   90       
649.1 89       
649.2 89       
649.3 88       
649.4 88       
649.5 87       
649.6 86       
649.7 85       
649.8 83       
649.9 82       
650   80       
650.1 78       
650.2 76       
650.3 75       
650.4 73       
650.5 72       
650.6 71       
650.7 70       
650.8 70       
650.9 70       
651   70       
651.1 70       
651.2 71       
651.3 72       
651.4 73       
651.5 74       
651.6 75       
651.7 76       
651.8 77       
651.9 78       
652   80       
652.1 80       
652.2 81       
652.3 81       
652.4 82       
652.5 81       
652.6 81       
652.7 81       
652.8 80       
652.9 79       
653   79       
653.1 78       
653.2 78       
653.3 77       
653.4 77       
653.5 77       
653.6 77       
653.7 77       
653.8 77       
653.9 77       
654   77       
654.1 77       
654.2 78       
654.3 78       
654.4 78       
654.5 78       
654.6 79       
654.7 79       
654.8 79       
654.9 80       
655   80       
655.1 81       
655.2 81       
655.3 82       
655.4 82       
655.5 83       
655.6 83       
655.7 83       
655.8 84       
655.9 84       
656   84       
656.1 85       
656.2 85       
656.3 86       
656.4 86       
656.5 86       
656.6 87       
656.7 87       
656.8 87       
656.9 88       
657   88       
657.1 88       
657.2 88       
657.3 88       
657.4 88       
657.5 88       
657.6 88       
657.7 88       
657.8 88       
657.9 87       
658   87       
658.1 87       
658.2 87       
658.3 87       
658.4 86       
658.5 86       
658.6 86       
658.7 85       
658.8 85       
658.9 85       
659   84       
659.1 84       
659.2 84       
659.3 84       
659.4 84       
659.5 84       
659.6 84       
659.7 83       
659.8 83       
659.9 83       
660   83       
660.1 83       
660.2 83       
660.3 82       
660.4 82       
660.5 81       
660.6 81       
660.7 80       
660.8 79       
660.9 79       
661   78       
661.1 78       
661.2 78       
661.3 78       
661.4 78       
661.5 78       
661.6 78       
661.7 79       
661.8 79       
661.9 80       
662   81       
662.1 81       
662.2 82       
662.3 82       
662.4 82       
662.5 82       
662.6 82       
662.7 82       
662.8 82       
662.9 82       
663   82       
663.1 82       
663.2 82       
663.3 82       
663.4 82       
663.5 82       
663.6 82       
663.7 82       
663.8 82       
663.9 82       
664   82       
664.1 82       
664.2 82       
664.3 81       
664.4 81       
664.5 81       
664.6 80       
664.7 80       
664.8 80       
664.9 80       
665   80       
665.1 80       
665.2 80       
665.3 80       
665.4 80       
665.5 80       
665.6 80       
665.7 80       
665.8 80       
665.9 80       
666   80       
666.1 80       
666.2 80       
666.3 80       
666.4 80       
666.5 80       
666.6 80       
666.7 80       
666.8 80       
666.9 80       
667   80       
667.1 80       
667.2 80       
667.3 80       
667.4 80       
667.5 81       
667.6 81       
667.7 81       
667.8 81       
667.9 81       
668   82       
668.1 82       
668.2 82       
668.3 83       
668.4 83       
668.5 83       
668.6 84       
668.7 84       
668.8 84       
668.9 85       
669   85       
669.1 85       
669.2 85       
669.3 85       
669.4 86       
669.5 86       
669.6 86       
669.7 86       
669.8 86       
669.9 86       
670   87       
670.1 87       
670.2 87       
670.3 87       
670.4 87       
670.5 87       
670.6 87       
670.7 88       
670.8 88       
670.9 88       
671   88       
671.1 88       
671.2 88       
671.3 88       
671.4 88       
671.5 87       
671.6 87       
671.7 87       
671.8 87       
671.9 86       
672   86       
672.1 86       
672.2 85       
672.3 85       
672.4 84       
672.5 84       
672.6 84       
672.7 84       
672.8 83       
672.9 83       
673   83       
673.1 83       
673.2 83       
673.3 83       
673.4 83       
673.5 83       
673.6 82       
673.7 82       
673.8 82       
673.9 82       
674   82       
674.1 82       
674.2 82       
674.3 82       
674.4 82       
674.5 82       
674.6 82       
674.7 82       
674.8 82       
674.9 82       
675   82       
675.1 82       
675.2 82       
675.3 82       
675.4 82       
675.5 82       
675.6 82       
675.7 82       
675.8 82       
675.9 82       
676   82       
676.1 82       
676.2 82       
676.3 82       
676.4 82       
676.5 82       
676.6 82       
676.7 82       
676.8 83       
676.9 83       
677   83       
677.1 83       
677.2 83       
677.3 84       
677.4 84       
677.5 84       
677.6 84       
677.7 84       
677.8 85       
677.9 85       
678   85       
678.1 85       
678.2 85       
678.3 86       
678.4 86       
678.5 86       
678.6 86       
678.7 86       
678.8 86       
678.9 86       
679   86       
679.1 86       
679.2 86       
679.3 86       
679.4 86       
679.5 86       
679.6 86       
679.7 86       
679.8 86       
679.9 86       
680   86       
680.1 86       
680.2 86       
680.3 85       
680.4 85       
680.5 85       
680.6 85       
680.7 84       
680.8 84       
680.9 84       
681   83       
681.1 83       
681.2 83       
681.3 83       
681.4 82       
681.5 82       
681.6 82       
681.7 82       
681.8 82       
681.9 82       
682   82       
682.1 82       
682.2 82       
682.3 82       
682.4 82       
682.5 81       
682.6 81       
682.7 81       
682.8 81       
682.9 81       
683   80       
683.1 80       
683.2 80       
683.3 80       
683.4 80       
683.5 79       
683.6 79       
683.7 79       
683.8 79       
683.9 79       
684   79       
684.1 80       
684.2 80       
684.3 80       
684.4 81       
684.5 81       
684.6 81       
684.7 81       
684.8 81       
684.9 81       
685   81       
685.1 81       
685.2 81       
685.3 81       
685.4 80       
685.5 80       
685.6 80       
685.7 79       
685.8 79       
685.9 79       
686   79       
686.1 79       
686.2 79       
686.3 79       
686.4 80       
686.5 80       
686.6 80       
686.7 81       
686.8 81       
686.9 82       
687   82       
687.1 83       
687.2 83       
687.3 83       
687.4 83       
687.5 84       
687.6 84       
687.7 84       
687.8 84       
687.9 84       
688   84       
688.1 84       
688.2 84       
688.3 84       
688.4 84       
688.5 84       
688.6 83       
688.7 83       
688.8 83       
688.9 83       
689   82       
689.1 82       
689.2 82       
689.3 82       
689.4 81       
689.5 81       
689.6 81       
689.7 81       
689.8 81       
689.9 81       
690   81       
690.1 81       
690.2 81       
690.3 81       
690.4 81       
690.5 81       
690.6 81       
690.7 81       
690.8 81       
690.9 81       
691   81       
691.1 81       
691.2 81       
691.3 81       
691.4 81       
691.5 81       
691.6 81       
691.7 81       
691.8 81       
691.9 81       
692   81       
692.1 81       
692.2 81       
692.3 81       
692.4 81       
692.5 81       
692.6 80       
692.7 80       
692.8 80       
692.9 80       
693   79       
693.1 79       
693.2 79       
693.3 78       
693.4 78       
693.5 77       
693.6 77       
693.7 76       
693.8 75       
693.9 75       
694   74       
694.1 73       
694.2 73       
694.3 72       
694.4 72       
694.5 72       
694.6 72       
694.7 72       
694.8 73       
694.9 73       
695   74       
695.1 75       
695.2 76       
695.3 77       
695.4 77       
695.5 78       
695.6 79       
695.7 80       
695.8 80       
695.9 81       
696   81       
696.1 82       
696.2 83       
696.3 83       
696.4 83       
696.5 84       
696.6 84       
696.7 84       
696.8 84       
696.9 83       
697   83       
697.1 83       
697.2 82       
697.3 82       
697.4 81       
697.5 81       
697.6 80       
697.7 80       
697.8 80       
697.9 80       
698   80       
698.1 80       
698.2 80       
698.3 80       
698.4 80       
698.5 80       
698.6 81       
698.7 81       
698.8 81       
698.9 81       
699   81       
699.1 81       
699.2 81       
699.3 81       
699.4 81       
699.5 81       
699.6 81       
699.7 81       
699.8 81       
699.9 81       
700   81       
700.1 80       
700.2 80       
700.3 80       
700.4 80       
700.5 80       
700.6 79       
700.7 79       
700.8 79       
700.9 79       
701   78       
701.1 78       
701.2 78       
701.3 78       
701.4 78       
701.5 77       
701.6 77       
701.7 77       
701.8 77       
701.9 77       
702   77       
702.1 77       
702.2 77       
702.3 77       
702.4 77       
702.5 77       
702.6 78       
702.7 78       
702.8 78       
702.9 78       
703   78       
703.1 78       
703.2 78       
703.3 78       
703.4 79       
703.5 79       
703.6 79       
703.7 79       
703.8 79       
703.9 79       
704   79       
704.1 79       
704.2 79       
704.3 79       
704.4 79       
704.5 79       
704.6 79       
704.7 79       
704.8 79       
704.9 79       
705   79       
705.1 79       
705.2 79       
705.3 79       
705.4 79       
705.5 79       
705.6 78       
705.7 78       
705.8 78       
705.9 78       
706   77       
706.1 77       
706.2 77       
706.3 77       
706.4 76       
706.5 76       
706.6 76       
706.7 76       
706.8 75       
706.9 75       
707   75       
707.1 75       
707.2 75       
707.3 75       
707.4 75       
707.5 75       
707.6 74       
707.7 74       
707.8 74       
707.9 75       
708   75       
708.1 75       
708.2 75       
708.3 75       
708.4 75       
708.5 76       
708.6 76       
708.7 76       
708.8 77       
708.9 77       
709   77       
709.1 78       
709.2 78       
709.3 78       
709.4 78       
709.5 78       
709.6 78       
709.7 78       
709.8 78       
709.9 78       
710   77       
710.1 77       
710.2 77       
710.3 76       
710.4 76       
710.5 76       
710.6 76       
710.7 75       
710.8 75       
710.9 75       
711   76       
711.1 76       
711.2 76       
711.3 76       
711.4 77       
711.5 77       
711.6 77       
711.7 78       
711.8 78       
711.9 79       
712   79       
712.1 79       
712.2 79       
712.3 79       
712.4 79       
712.5 79       
712.6 79       
712.7 79       
712.8 79       
712.9 79       
713   79       
713.1 79       
713.2 79       
713.3 79       
713.4 79       
713.5 79       
713.6 79       
713.7 79       
713.8 79       
713.9 79       
714   79       
714.1 79       
714.2 79       
714.3 79       
714.4 79       
714.5 79       
714.6 79       
714.7 79       
714.8 79       
714.9 79       
715   79       
715.1 79       
715.2 79       
715.3 79       
715.4 79       
715.5 79       
715.6 78       
715.7 78       
715.8 78       
715.9 78       
716   78       
716.1 78       
716.2 78       
716.3 78       
716.4 78       
716.5 78       
716.6 78       
716.7 78       
716.8 78       
716.9 77       
717   77       
717.1 77       
717.2 77       
717.3 77       
717.4 77       
717.5 77       
717.6 77       
717.7 76       
717.8 76       
717.9 76       
718   76       
718.1 76       
718.2 76       
718.3 76       
718.4 76       
718.5 76       
718.6 76       
718.7 76       
718.8 76       
718.9 76       
719   76       
719.1 76       
719.2 76       
719.3 76       
719.4 77       
719.5 77       
719.6 77       
719.7 77       
719.8 77       
719.9 77       
720   77       
720.1 78       
720.2 78       
720.3 78       
720.4 77       
720.5 77       
720.6 77       
720.7 77       
720.8 77       
720.9 77       
721   76       
721.1 76       
721.2 76       
721.3 76       
721.4 76       
721.5 76       
721.6 75       
721.7 75       
721.8 75       
721.9 75       
722   75       
722.1 75       
722.2 75       
722.3 74       
722.4 74       
722.5 74       
722.6 74       
722.7 74       
722.8 74       
722.9 74       
723   74       
723.1 74       
723.2 74       
723.3 73       
723.4 73       
723.5 73       
723.6 73       
723.7 73       
723.8 73       
723.9 73       
724   73       
724.1 73       
724.2 72       
724.3 72       
724.4 72       
724.5 72       
724.6 72       
724.7 72       
724.8 72       
724.9 72       
725   72       
725.1 72       
725.2 71       
725.3 71       
725.4 71       
725.5 71       
725.6 71       
725.7 71       
725.8 71       
725.9 71       
726   71       
726.1 72       
726.2 72       
726.3 72       
726.4 72       
726.5 72       
726.6 72       
726.7 72       
726.8 72       
726.9 72       
727   72       
727.1 72       
727.2 72       
727.3 73       
727.4 73       
727.5 73       
727.6 73       
727.7 73       
727.8 73       
727.9 74       
728   74       
728.1 74       
728.2 74       
728.3 74       
728.4 75       
728.5 75       
728.6 75       
728.7 75       
728.8 75       
728.9 76       
729   76       
729.1 76       
729.2 76       
729.3 77       
729.4 77       
729.5 77       
729.6 78       
729.7 78       
729.8 78       
729.9 78       
730   79       
730.1 79       
730.2 79       
730.3 80       
730.4 80       
730.5 80       
730.6 80       
730.7 81       
730.8 81       
730.9 81       
731   82       
731.1 82       
731.2 82       
731.3 82       
731.4 83       
731.5 83       
731.6 83       
731.7 84       
731.8 84       
731.9 84       
732   85       
732.1 85       
732.2 85       
732.3 86       
732.4 86       
732.5 86       
732.6 86       
732.7 87       
732.8 87       
732.9 87       
733   88       
733.1 88       
733.2 88       
733.3 88       
733.4 89       
733.5 89       
733.6 89       
733.7 90       
733.8 90       
733.9 90       
734   90       
734.1 91       
734.2 91       
734.3 91       
734.4 91       
734.5 92       
734.6 92       
734.7 92       
734.8 92       
734.9 93       
735   93       
735.1 93       
735.2 93       
735.3 93       
735.4 94       
735.5 94       
735.6 94       
735.7 94       
735.8 94       
735.9 94       
736   94       
736.1 95       
736.2 95       
736.3 95       
736.4 95       
736.5 95       
736.6 95       
736.7 95       
736.8 95       
736.9 95       
737   95       
737.1 95       
737.2 95       
737.3 95       
737.4 95       
737.5 95       
737.6 95       
737.7 95       
737.8 95       
737.9 95       
738   95       
738.1 95       
738.2 95       
738.3 95       
738.4 95       
738.5 95       
738.6 95       
738.7 95       
738.8 95       
738.9 95       
739   95       
739.1 95       
739.2 95       
739.3 95       
739.4 95       
739.5 95       
739.6 95       
739.7 95       
739.8 95       
739.9 95       
740   94       
740.1 94       
740.2 94       
740.3 94       
740.4 94       
740.5 94       
740.6 94       
740.7 94       
740.8 94       
740.9 94       
741   94       
741.1 94       
741.2 94       
741.3 94       
741.4 94       
741.5 94       
741.6 94       
741.7 94       
741.8 94       
741.9 94       
742   94       
742.1 94       
742.2 94       
742.3 94       
742.4 94       
742.5 94       
742.6 94       
742.7 94       
742.8 94       
742.9 94       
743   94       
743.1 95       
743.2 95       
743.3 95       
743.4 95       
743.5 95       
743.6 95       
743.7 95       
743.8 95       
743.9 95       
744   95       
744.1 95       
744.2 95       
744.3 95       
744.4 95       
744.5 95       
744.6 95       
744.7 95       
744.8 95       
744.9 95       
745   95       
745.1 95       
745.2 95       
745.3 96       
745.4 96       
745.5 96       
745.6 96       
745.7 96       
745.8 96       
745.9 96       
746   96       
746.1 96       
746.2 96       
746.3 96       
746.4 96       
746.5 96       
746.6 96       
746.7 96       
746.8 96       
746.9 96       
747   96       
747.1 96       
747.2 96       
747.3 96       
747.4 96       
747.5 96       
747.6 96       
747.7 96       
747.8 96       
747.9 96       
748   96       
748.1 96       
748.2 96       
748.3 96       
748.4 96       
748.5 96       
748.6 96       
748.7 96       
748.8 96       
748.9 97       
749   97       
749.1 97       
749.2 97       
749.3 97       
749.4 97       
749.5 97       
749.6 97       
749.7 97       
749.8 97       
749.9 96       
750   96       
750.1 96       
750.2 96       
750.3 96       
750.4 95       
750.5 95       
750.6 94       
750.7 94       
750.8 94       
750.9 93       
751   93       
751.1 92       
751.2 92       
751.3 91       
751.4 91       
751.5 90       
751.6 90       
751.7 89       
751.8 89       
751.9 88       
752   88       
752.1 87       
752.2 87       
752.3 87       
752.4 86       
752.5 86       
752.6 86       
752.7 86       
752.8 86       
752.9 86       
753   86       
753.1 86       
753.2 86       
753.3 86       
753.4 86       
753.5 86       
753.6 86       
753.7 86       
753.8 86       
753.9 86       
754   85       
754.1 85       
754.2 85       
754.3 85       
754.4 85       
754.5 85       
754.6 85       
754.7 85       
754.8 85       
754.9 85       
755   85       
755.1 85       
755.2 85       
755.3 85       
755.4 86       
755.5 86       
755.6 86       
755.7 86       
755.8 87       
755.9 87       
756   87       
756.1 87       
756.2 87       
756.3 87       
756.4 88       
756.5 88       
756.6 88       
756.7 88       
756.8 88       
756.9 88       
757   88       
757.1 88       
757.2 88       
757.3 88       
757.4 88       
757.5 88       
757.6 88       
757.7 88       
757.8 88       
757.9 88       
758   88       
758.1 87       
758.2 87       
758.3 87       
758.4 87       
758.5 87       
758.6 87       
758.7 87       
758.8 87       
758.9 87       
759   86       
759.1 86       
759.2 86       
759.3 86       
759.4 86       
759.5 86       
759.6 86       
759.7 86       
759.8 86       
759.9 85       
760   85       
760.1 85       
760.2 85       
760.3 85       
760.4 85       
760.5 85       
760.6 85       
760.7 85       
760.8 85       
760.9 85       
761   85       
761.1 85       
761.2 85       
761.3 84       
761.4 84       
761.5 84       
761.6 84       
761.7 84       
761.8 84       
761.9 84       
762   84       
762.1 84       
762.2 84       
762.3 84       
762.4 84       
762.5 84       
762.6 84       
762.7 84       
762.8 84       
762.9 84       
763   84       
763.1 84       
763.2 84       
763.3 84       
763.4 84       
763.5 84       
763.6 84       
763.7 84       
763.8 84       
763.9 84       
764   84       
764.1 84       
764.2 84       
764.3 84       
764.4 84       
764.5 84       
764.6 84       
764.7 84       
764.8 84       
764.9 83       
765   83       
765.1 83       
765.2 83       
765.3 83       
765.4 83       
765.5 83       
765.6 83       
765.7 83       
765.8 83       
765.9 82       
766   82       
766.1 82       
766.2 82       
766.3 82       
766.4 82       
766.5 82       
766.6 82       
766.7 81       
766.8 81       
766.9 81       
767   81       
767.1 81       
767.2 81       
767.3 80       
767.4 80       
767.5 80       
767.6 80       
767.7 80       
767.8 79       
767.9 79       
768   79       
768.1 79       
768.2 78       
768.3 78       
768.4 78       
768.5 78       
768.6 78       
768.7 77       
768.8 77       
768.9 77       
769   77       
769.1 77       
769.2 76       
769.3 76       
769.4 76       
769.5 76       
769.6 76       
769.7 75       
769.8 75       
769.9 75       
770   75       
770.1 75       
770.2 75       
770.3 75       
770.4 75       
770.5 75       
770.6 74       
770.7 75       
770.8 75       
770.9 75       
771   75       
771.1 75       
771.2 75       
771.3 75       
771.4 75       
771.5 76       
771.6 76       
771.7 76       
771.8 77       
771.9 77       
772   78       
772.1 79       
772.2 79       
772.3 80       
772.4 81       
772.5 82       
772.6 82       
772.7 83       
772.8 83       
772.9 84       
773   84       
773.1 84       
773.2 84       
773.3 84       
773.4 84       
773.5 84       
773.6 84       
773.7 84       
773.8 84       
773.9 84       
774   84       
774.1 84       
774.2 83       
774.3 83       
774.4 83       
774.5 83       
774.6 83       
774.7 83       
774.8 82       
774.9 82       
775   82       
775.1 82       
775.2 82       
775.3 82       
775.4 81       
775.5 81       
775.6 81       
775.7 81       
775.8 81       
775.9 81       
776   80       
776.1 80       
776.2 80       
776.3 80       
776.4 80       
776.5 80       
776.6 79       
776.7 79       
776.8 79       
776.9 79       
777   79       
777.1 79       
777.2 79       
777.3 78       
777.4 78       
777.5 78       
777.6 78       
777.7 78       
777.8 77       
777.9 77       
778   77       
778.1 77       
778.2 77       
778.3 77       
778.4 77       
778.5 77       
778.6 77       
778.7 77       
778.8 76       
778.9 76       
779   76       
779.1 76       
779.2 76       
779.3 76       
779.4 76       
779.5 76       
779.6 76       
779.7 76       
779.8 76       
779.9 76       
780   75       
780.1 75       
780.2 75       
780.3 75       
780.4 75       
780.5 75       
780.6 75       
780.7 75       
780.8 75       
780.9 75       
781   75       
781.1 75       
781.2 75       
781.3 75       
781.4 75       
781.5 75       
781.6 75       
781.7 75       
781.8 75       
781.9 75       
782   75       
782.1 75       
782.2 75       
782.3 75       
782.4 75       
782.5 75       
782.6 75       
782.7 75       
782.8 75       
782.9 75       
783   75       
783.1 75       
783.2 75       
783.3 75       
783.4 76       
783.5 76       
783.6 76       
783.7 76       
783.8 76       
783.9 76       
784   76       
784.1 76       
784.2 76       
784.3 76       
784.4 76       
784.5 77       
784.6 77       
784.7 77       
784.8 77       
784.9 77       
785   77       
785.1 77       
785.2 78       
785.3 78       
785.4 78       
785.5 78       
785.6 78       
785.7 78       
785.8 78       
785.9 78       
786   79       
786.1 79       
786.2 79       
786.3 79       
786.4 79       
786.5 79       
786.6 79       
786.7 80       
786.8 80       
786.9 80       
787   80       
787.1 80       
787.2 80       
787.3 80       
787.4 80       
787.5 80       
787.6 80       
787.7 80       
787.8 80       
787.9 80       
788   80       
788.1 81       
788.2 81       
788.3 81       
788.4 81       
788.5 81       
788.6 80       
788.7 80       
788.8 80       
788.9 80       
789   80       
789.1 80       
789.2 80       
789.3 80       
789.4 80       
789.5 80       
789.6 80       
789.7 80       
789.8 79       
789.9 79       
790   79       
790.1 79       
790.2 79       
790.3 79       
790.4 79       
790.5 78       
790.6 78       
790.7 78       
790.8 78       
790.9 78       
791   77       
791.1 77       
791.2 77       
791.3 77       
791.4 77       
791.5 77       
791.6 77       
791.7 76       
791.8 76       
791.9 76       
792   76       
792.1 76       
792.2 76       
792.3 76       
792.4 76       
792.5 76       
792.6 76       
792.7 76       
792.8 76       
792.9 75       
793   75       
793.1 75       
793.2 75       
793.3 75       
793.4 75       
793.5 74       
793.6 74       
793.7 74       
793.8 74       
793.9 74       
794   74       
794.1 74       
794.2 74       
794.3 74       
794.4 74       
794.5 74       
794.6 74       
794.7 74       
794.8 74       
794.9 74       
795   74       
795.1 74       
795.2 74       
795.3 74       
795.4 74       
795.5 73       
795.6 73       
795.7 73       
795.8 73       
795.9 73       
796   73       
796.1 73       
796.2 73       
796.3 73       
796.4 73       
796.5 73       
796.6 73       
796.7 73       
796.8 73       
796.9 73       
797   73       
797.1 73       
797.2 73       
797.3 73       
797.4 72       
797.5 72       
797.6 72       
797.7 72       
797.8 72       
797.9 72       
798   72       
798.1 72       
798.2 72       
798.3 72       
798.4 72       
798.5 71       
798.6 71       
798.7 71       
798.8 71       
798.9 71       
799   71       
799.1 71       
799.2 71       
799.3 71       
799.4 71       
799.5 71       
799.6 71       
799.7 70       
799.8 70       
799.9 70       
800   70       
800.1 70       
800.2 70       
800.3 70       
800.4 70       
800.5 70       
800.6 70       
800.7 70       
800.8 70       
800.9 70       
801   70       
801.1 70       
801.2 70       
801.3 70       
801.4 70       
801.5 70       
801.6 70       
801.7 70       
801.8 70       
801.9 70       
802   70       
802.1 70       
802.2 70       
802.3 70       
802.4 70       
802.5 70       
802.6 70       
802.7 70       
802.8 70       
802.9 70       
803   70       
803.1 69       
803.2 69       
803.3 69       
803.4 69       
803.5 69       
803.6 69       
803.7 69       
803.8 69       
803.9 69       
804   69       
804.1 69       
804.2 69       
804.3 69       
804.4 69       
804.5 69       
804.6 69       
804.7 69       
804.8 69       
804.9 69       
805   69       
805.1 69       
805.2 69       
805.3 69       
805.4 69       
805.5 69       
805.6 69       
805.7 69       
805.8 69       
805.9 69       
806   69       
806.1 69       
806.2 69       
806.3 69       
806.4 69       
806.5 69       
806.6 69       
806.7 69       
806.8 69       
806.9 69       
807   69       
807.1 69       
807.2 69       
807.3 69       
807.4 69       
807.5 69       
807.6 69       
807.7 69       
807.8 69       
807.9 69       
808   68       
808.1 68       
808.2 68       
808.3 68       
808.4 68       
808.5 68       
808.6 68       
808.7 68       
808.8 68       
808.9 68       
809   68       
809.1 68       
809.2 68       
809.3 68       
809.4 68       
809.5 68       
809.6 68       
809.7 68       
809.8 67       
809.9 67       
810   67       
810.1 67       
810.2 67       
810.3 67       
810.4 67       
810.5 67       
810.6 67       
810.7 67       
810.8 68       
810.9 68       
811   68       
811.1 68       
811.2 68       
811.3 68       
811.4 68       
811.5 68       
811.6 69       
811.7 69       
811.8 69       
811.9 70       
812   70       
812.1 71       
812.2 71       
812.3 72       
812.4 73       
812.5 73       
812.6 74       
812.7 75       
812.8 76       
812.9 76       
813   76       
813.1 77       
813.2 77       
813.3 77       
813.4 77       
813.5 77       
813.6 77       
813.7 77       
813.8 77       
813.9 76       
814   76       
814.1 76       
814.2 76       
814.3 76       
814.4 76       
814.5 76       
814.6 76       
814.7 76       
814.8 76       
814.9 76       
815   76       
815.1 76       
815.2 76       
815.3 76       
815.4 77       
815.5 77       
815.6 77       
815.7 77       
815.8 77       
815.9 77       
816   77       
816.1 77       
816.2 77       
816.3 77       
816.4 77       
816.6 77       
