
X_km  Z_floor  
630.4 1113     
630.5 1113     
630.6 1112     
630.7 1110     
630.8 1106     
630.9 1099     
631   1094     
631.1 1091     
631.2 1088     
631.3 1086     
631.4 1083     
631.5 1080     
631.6 1078     
631.7 1077     
631.8 1077     
631.9 1077     
632   1077     
632.1 1076     
632.2 1076     
632.3 1075     
632.4 1074     
632.5 1072     
632.6 1070     
632.7 1066     
632.8 1064     
632.9 1062     
633   1061     
633.1 1060     
633.2 1058     
633.3 1055     
633.4 1052     
633.5 1051     
633.6 1051     
633.7 1053     
633.8 1054     
633.9 1055     
634   1054     
634.1 1052     
634.2 1050     
634.3 1048     
634.4 1046     
634.5 1044     
634.6 1042     
634.7 1040     
634.8 1039     
634.9 1038     
635   1037     
635.1 1035     
635.2 1034     
635.3 1032     
635.4 1030     
635.5 1028     
635.6 1026     
635.7 1024     
635.8 1023     
635.9 1021     
636   1019     
636.1 1018     
636.2 1016     
636.3 1014     
636.4 1012     
636.5 1010     
636.6 1008     
636.7 1007     
636.8 1005     
636.9 1003     
637   1001     
637.1 998      
637.2 995      
637.3 992      
637.4 989      
637.5 987      
637.6 984      
637.7 981      
637.8 979      
637.9 976      
638   974      
638.1 972      
638.2 971      
638.3 970      
638.4 969      
638.5 969      
638.6 969      
638.7 971      
638.8 973      
638.9 974      
639   974      
639.1 974      
639.2 974      
639.3 974      
639.4 975      
639.5 975      
639.6 974      
639.7 973      
639.8 971      
639.9 969      
640   966      
640.1 964      
640.2 960      
640.3 955      
640.4 950      
640.5 945      
640.6 943      
640.7 943      
640.8 943      
640.9 942      
641   941      
641.1 940      
641.2 939      
641.3 941      
641.4 941      
641.5 939      
641.6 937      
641.7 935      
641.8 932      
641.9 930      
642   929      
642.1 929      
642.2 927      
642.3 925      
642.4 923      
642.5 921      
642.6 920      
642.7 920      
642.8 918      
642.9 916      
643   912      
643.1 908      
643.2 906      
643.3 907      
643.4 908      
643.5 907      
643.6 907      
643.7 906      
643.8 905      
643.9 906      
644   907      
644.1 908      
644.2 911      
644.3 915      
644.4 916      
644.5 913      
644.6 911      
644.7 912      
644.8 913      
644.9 917      
645   919      
645.1 921      
645.2 921      
645.3 918      
645.4 916      
645.5 913      
645.6 912      
645.7 915      
645.8 917      
645.9 917      
646   917      
646.1 916      
646.2 915      
646.3 916      
646.4 916      
646.5 916      
646.6 917      
646.7 916      
646.8 916      
646.9 915      
647   915      
647.1 915      
647.2 914      
647.3 913      
647.4 912      
647.5 911      
647.6 910      
647.7 910      
647.8 909      
647.9 909      
648   909      
648.1 908      
648.2 907      
648.3 907      
648.4 906      
648.5 906      
648.6 906      
648.7 905      
648.8 904      
648.9 903      
649   902      
649.1 902      
649.2 901      
649.3 899      
649.4 897      
649.5 896      
649.6 894      
649.7 891      
649.8 888      
649.9 887      
650   885      
650.1 884      
650.2 883      
650.3 882      
650.4 880      
650.5 880      
650.6 880      
650.7 880      
650.8 880      
650.9 880      
651   879      
651.1 877      
651.2 876      
651.3 875      
651.4 875      
651.5 874      
651.6 874      
651.7 875      
651.8 876      
651.9 877      
652   878      
652.1 879      
652.2 880      
652.3 880      
652.4 879      
652.5 879      
652.6 878      
652.7 876      
652.8 874      
652.9 873      
653   872      
653.1 872      
653.2 872      
653.3 872      
653.4 872      
653.5 872      
653.6 870      
653.7 867      
653.8 865      
653.9 864      
654   863      
654.1 863      
654.2 863      
654.3 863      
654.4 863      
654.5 862      
654.6 862      
654.7 860      
654.8 859      
654.9 857      
655   856      
655.1 854      
655.2 853      
655.3 853      
655.4 853      
655.5 852      
655.6 851      
655.7 850      
655.8 849      
655.9 848      
656   847      
656.1 846      
656.2 845      
656.3 844      
656.4 843      
656.5 841      
656.6 840      
656.7 839      
656.8 837      
656.9 836      
657   835      
657.1 833      
657.2 832      
657.3 831      
657.4 829      
657.5 828      
657.6 827      
657.7 826      
657.8 825      
657.9 824      
658   823      
658.1 822      
658.2 821      
658.3 820      
658.4 819      
658.5 818      
658.6 817      
658.7 816      
658.8 815      
658.9 814      
659   813      
659.1 812      
659.2 811      
659.3 810      
659.4 808      
659.5 807      
659.6 806      
659.7 806      
659.8 806      
659.9 805      
660   804      
660.1 804      
660.2 803      
660.3 802      
660.4 801      
660.5 800      
660.6 799      
660.7 798      
660.8 797      
660.9 796      
661   795      
661.1 794      
661.2 794      
661.3 793      
661.4 792      
661.5 791      
661.6 790      
661.7 789      
661.8 788      
661.9 787      
662   785      
662.1 784      
662.2 782      
662.3 780      
662.4 779      
662.5 777      
662.6 777      
662.7 778      
662.8 778      
662.9 779      
663   779      
663.1 778      
663.2 778      
663.3 777      
663.4 777      
663.5 776      
663.6 776      
663.7 775      
663.8 774      
663.9 773      
664   772      
664.1 772      
664.2 771      
664.3 770      
664.4 770      
664.5 769      
664.6 768      
664.7 768      
664.8 767      
664.9 766      
665   765      
665.1 765      
665.2 764      
665.3 763      
665.4 763      
665.5 762      
665.6 761      
665.7 760      
665.8 760      
665.9 759      
666   758      
666.1 758      
666.2 757      
666.3 757      
666.4 756      
666.5 756      
666.6 755      
666.7 755      
666.8 754      
666.9 754      
667   753      
667.1 753      
667.2 752      
667.3 752      
667.4 751      
667.5 751      
667.6 750      
667.7 750      
667.8 750      
667.9 749      
668   749      
668.1 748      
668.2 747      
668.3 746      
668.4 745      
668.5 745      
668.6 744      
668.7 743      
668.8 742      
668.9 741      
669   739      
669.1 738      
669.2 737      
669.3 736      
669.4 735      
669.5 734      
669.6 733      
669.7 732      
669.8 732      
669.9 731      
670   730      
670.1 729      
670.2 728      
670.3 727      
670.4 726      
670.5 725      
670.6 724      
670.7 724      
670.8 723      
670.9 722      
671   721      
671.1 720      
671.2 719      
671.3 718      
671.4 717      
671.5 716      
671.6 715      
671.7 713      
671.8 712      
671.9 711      
672   711      
672.1 710      
672.2 710      
672.3 710      
672.4 710      
672.5 709      
672.6 709      
672.7 709      
672.8 708      
672.9 708      
673   708      
673.1 707      
673.2 707      
673.3 707      
673.4 707      
673.5 706      
673.6 706      
673.7 706      
673.8 706      
673.9 706      
674   705      
674.1 705      
674.2 705      
674.3 705      
674.4 705      
674.5 705      
674.6 705      
674.7 705      
674.8 705      
674.9 705      
675   705      
675.1 706      
675.2 707      
675.3 709      
675.4 709      
675.5 706      
675.6 704      
675.7 703      
675.8 702      
675.9 701      
676   700      
676.1 699      
676.2 698      
676.3 697      
676.4 696      
676.5 695      
676.6 694      
676.7 693      
676.8 692      
676.9 691      
677   690      
677.1 689      
677.2 688      
677.3 687      
677.4 686      
677.5 685      
677.6 684      
677.7 683      
677.8 682      
677.9 681      
678   680      
678.1 679      
678.2 677      
678.3 676      
678.4 674      
678.5 673      
678.6 671      
678.7 670      
678.8 668      
678.9 667      
679   665      
679.1 663      
679.2 662      
679.3 660      
679.4 658      
679.5 656      
679.6 653      
679.7 651      
679.8 649      
679.9 646      
680   644      
680.1 641      
680.2 638      
680.3 635      
680.4 631      
680.5 628      
680.6 628      
680.7 631      
680.8 634      
680.9 637      
681   640      
681.1 642      
681.2 645      
681.3 647      
681.4 649      
681.5 650      
681.6 652      
681.7 653      
681.8 654      
681.9 655      
682   656      
682.1 657      
682.2 658      
682.3 658      
682.4 659      
682.5 660      
682.6 660      
682.7 661      
682.8 661      
682.9 662      
683   662      
683.1 662      
683.2 662      
683.3 663      
683.4 663      
683.5 663      
683.6 663      
683.7 663      
683.8 663      
683.9 663      
684   663      
684.1 662      
684.2 662      
684.3 662      
684.4 662      
684.5 661      
684.6 661      
684.7 661      
684.8 661      
684.9 661      
685   661      
685.1 660      
685.2 660      
685.3 660      
685.4 660      
685.5 660      
685.6 659      
685.7 659      
685.8 659      
685.9 659      
686   659      
686.1 658      
686.2 658      
686.3 658      
686.4 658      
686.5 658      
686.6 657      
686.7 657      
686.8 657      
686.9 656      
687   656      
687.1 655      
687.2 655      
687.3 654      
687.4 653      
687.5 653      
687.6 652      
687.7 652      
687.8 652      
687.9 652      
688   652      
688.1 651      
688.2 651      
688.3 650      
688.4 650      
688.5 650      
688.6 649      
688.7 649      
688.8 649      
688.9 648      
689   648      
689.1 647      
689.2 646      
689.3 646      
689.4 645      
689.5 645      
689.6 644      
689.7 643      
689.8 643      
689.9 642      
690   642      
690.1 641      
690.2 641      
690.3 641      
690.4 640      
690.5 640      
690.6 640      
690.7 639      
690.8 639      
690.9 639      
691   639      
691.1 639      
691.2 639      
691.3 638      
691.4 638      
691.5 638      
691.6 638      
691.7 639      
691.8 639      
691.9 639      
692   640      
692.1 641      
692.2 641      
692.3 641      
692.4 641      
692.5 639      
692.6 637      
692.7 635      
692.8 634      
692.9 632      
693   631      
693.1 630      
693.2 629      
693.3 628      
693.4 628      
693.5 627      
693.6 627      
693.7 626      
693.8 625      
693.9 625      
694   624      
694.1 623      
694.2 623      
694.3 622      
694.4 622      
694.5 622      
694.6 621      
694.7 621      
694.8 621      
694.9 620      
695   620      
695.1 619      
695.2 619      
695.3 618      
695.4 618      
695.5 617      
695.6 617      
695.7 616      
695.8 616      
695.9 615      
696   615      
696.1 615      
696.2 614      
696.3 614      
696.4 613      
696.5 613      
696.6 613      
696.7 612      
696.8 612      
696.9 612      
697   611      
697.1 611      
697.2 611      
697.3 610      
697.4 610      
697.5 610      
697.6 611      
697.7 611      
697.8 611      
697.9 611      
698   610      
698.1 610      
698.2 610      
698.3 610      
698.4 610      
698.5 610      
698.6 610      
698.7 609      
698.8 609      
698.9 609      
699   609      
699.1 609      
699.2 609      
699.3 608      
699.4 608      
699.5 608      
699.6 607      
699.7 607      
699.8 606      
699.9 606      
700   605      
700.1 605      
700.2 604      
700.3 604      
700.4 604      
700.5 604      
700.6 605      
700.7 605      
700.8 605      
700.9 605      
701   605      
701.1 605      
701.2 605      
701.3 605      
701.4 605      
701.5 605      
701.6 605      
701.7 604      
701.8 604      
701.9 604      
702   604      
702.1 604      
702.2 604      
702.3 604      
702.4 604      
702.5 604      
702.6 604      
702.7 604      
702.8 604      
702.9 604      
703   604      
703.1 604      
703.2 604      
703.3 604      
703.4 604      
703.5 604      
703.6 604      
703.7 604      
703.8 604      
703.9 603      
704   603      
704.1 603      
704.2 603      
704.3 603      
704.4 603      
704.5 602      
704.6 602      
704.7 602      
704.8 602      
704.9 601      
705   601      
705.1 601      
705.2 601      
705.3 600      
705.4 600      
705.5 600      
705.6 600      
705.7 599      
705.8 599      
705.9 598      
706   598      
706.1 597      
706.2 597      
706.3 596      
706.4 596      
706.5 596      
706.6 596      
706.7 596      
706.8 596      
706.9 596      
707   596      
707.1 596      
707.2 596      
707.3 596      
707.4 597      
707.5 597      
707.6 597      
707.7 596      
707.8 596      
707.9 596      
708   596      
708.1 595      
708.2 595      
708.3 595      
708.4 594      
708.5 594      
708.6 593      
708.7 592      
708.8 592      
708.9 591      
709   590      
709.1 590      
709.2 589      
709.3 588      
709.4 587      
709.5 586      
709.6 585      
709.7 583      
709.8 582      
709.9 580      
710   579      
710.1 577      
710.2 575      
710.3 573      
710.4 571      
710.5 571      
710.6 571      
710.7 571      
710.8 571      
710.9 571      
711   571      
711.1 571      
711.2 571      
711.3 571      
711.4 571      
711.5 571      
711.6 571      
711.7 571      
711.8 571      
711.9 571      
712   571      
712.1 571      
712.2 571      
712.3 570      
712.4 570      
712.5 570      
712.6 569      
712.7 569      
712.8 568      
712.9 568      
713   568      
713.1 567      
713.2 567      
713.3 566      
713.4 566      
713.5 565      
713.6 564      
713.7 564      
713.8 563      
713.9 562      
714   562      
714.1 561      
714.2 560      
714.3 559      
714.4 558      
714.5 557      
714.6 557      
714.7 556      
714.8 555      
714.9 554      
715   553      
715.1 552      
715.2 551      
715.3 551      
715.4 550      
715.5 549      
715.6 548      
715.7 547      
715.8 547      
715.9 546      
716   546      
716.1 545      
716.2 545      
716.3 544      
716.4 544      
716.5 543      
716.6 543      
716.7 543      
716.8 542      
716.9 541      
717   541      
717.1 540      
717.2 540      
717.3 539      
717.4 538      
717.5 538      
717.6 537      
717.7 537      
717.8 536      
717.9 535      
718   535      
718.1 534      
718.2 533      
718.3 533      
718.4 532      
718.5 532      
718.6 531      
718.7 531      
718.8 531      
718.9 530      
719   530      
719.1 529      
719.2 529      
719.3 529      
719.4 528      
719.5 528      
719.6 527      
719.7 527      
719.8 527      
719.9 526      
720   526      
720.1 526      
720.2 525      
720.3 525      
720.4 524      
720.5 524      
720.6 524      
720.7 523      
720.8 523      
720.9 522      
721   522      
721.1 522      
721.2 522      
721.3 521      
721.4 521      
721.5 521      
721.6 521      
721.7 521      
721.8 521      
721.9 521      
722   521      
722.1 520      
722.2 520      
722.3 520      
722.4 520      
722.5 520      
722.6 520      
722.7 520      
722.8 520      
722.9 520      
723   520      
723.1 520      
723.2 519      
723.3 519      
723.4 519      
723.5 518      
723.6 518      
723.7 518      
723.8 517      
723.9 517      
724   517      
724.1 517      
724.2 517      
724.3 517      
724.4 517      
724.5 517      
724.6 517      
724.7 517      
724.8 517      
724.9 517      
725   517      
725.1 517      
725.2 516      
725.3 516      
725.4 516      
725.5 516      
725.6 516      
725.7 516      
725.8 515      
725.9 515      
726   515      
726.1 514      
726.2 514      
726.3 514      
726.4 513      
726.5 513      
726.6 513      
726.7 512      
726.8 511      
726.9 511      
727   510      
727.1 510      
727.2 509      
727.3 510      
727.4 511      
727.5 511      
727.6 511      
727.7 512      
727.8 512      
727.9 513      
728   513      
728.1 514      
728.2 514      
728.3 515      
728.4 515      
728.5 516      
728.6 516      
728.7 516      
728.8 517      
728.9 517      
729   517      
729.1 518      
729.2 518      
729.3 518      
729.4 518      
729.5 518      
729.6 519      
729.7 519      
729.8 519      
729.9 519      
730   519      
730.1 519      
730.2 519      
730.3 519      
730.4 519      
730.5 519      
730.6 519      
730.7 519      
730.8 519      
730.9 518      
731   518      
731.1 518      
731.2 518      
731.3 519      
731.4 519      
731.5 520      
731.6 520      
731.7 520      
731.8 520      
731.9 520      
732   520      
732.1 520      
732.2 520      
732.3 520      
732.4 520      
732.5 520      
732.6 520      
732.7 519      
732.8 519      
732.9 519      
733   519      
733.1 519      
733.2 518      
733.3 518      
733.4 518      
733.5 517      
733.6 517      
733.7 516      
733.8 516      
733.9 515      
734   515      
734.1 514      
734.2 513      
734.3 513      
734.4 512      
734.5 511      
734.6 511      
734.7 510      
734.8 509      
734.9 508      
735   508      
735.1 507      
735.2 506      
735.3 505      
735.4 505      
735.5 504      
735.6 503      
735.7 503      
735.8 503      
735.9 503      
736   503      
736.1 503      
736.2 503      
736.3 502      
736.4 502      
736.5 502      
736.6 502      
736.7 501      
736.8 501      
736.9 500      
737   500      
737.1 499      
737.2 499      
737.3 498      
737.4 497      
737.5 496      
737.6 495      
737.7 494      
737.8 494      
737.9 493      
738   491      
738.1 490      
738.2 489      
738.3 488      
738.4 487      
738.5 485      
738.6 484      
738.7 483      
738.8 481      
738.9 480      
739   479      
739.1 477      
739.2 476      
739.3 474      
739.4 473      
739.5 472      
739.6 471      
739.7 471      
739.8 470      
739.9 469      
740   467      
740.1 466      
740.2 465      
740.3 463      
740.4 462      
740.5 461      
740.6 460      
740.7 459      
740.8 458      
740.9 457      
741   457      
741.1 456      
741.2 455      
741.3 455      
741.4 454      
741.5 454      
741.6 454      
741.7 453      
741.8 453      
741.9 452      
742   452      
742.1 451      
742.2 450      
742.3 449      
742.4 448      
742.5 447      
742.6 446      
742.7 446      
742.8 445      
742.9 444      
743   443      
743.1 442      
743.2 441      
743.3 441      
743.4 440      
743.5 439      
743.6 438      
743.7 437      
743.8 436      
743.9 436      
744   435      
744.1 434      
744.2 433      
744.3 432      
744.4 431      
744.5 430      
744.6 429      
744.7 427      
744.8 426      
744.9 425      
745   424      
745.1 423      
745.2 422      
745.3 421      
745.4 420      
745.5 420      
745.6 419      
745.7 419      
745.8 418      
745.9 418      
746   417      
746.1 417      
746.2 417      
746.3 416      
746.4 416      
746.5 416      
746.6 417      
746.7 417      
746.8 417      
746.9 418      
747   418      
747.1 418      
747.2 419      
747.3 419      
747.4 419      
747.5 419      
747.6 419      
747.7 419      
747.8 419      
747.9 419      
748   419      
748.1 419      
748.2 419      
748.3 419      
748.4 419      
748.5 419      
748.6 418      
748.7 418      
748.8 418      
748.9 418      
749   418      
749.1 417      
749.2 417      
749.3 416      
749.4 416      
749.5 415      
749.6 414      
749.7 413      
749.8 412      
749.9 411      
750   410      
750.1 409      
750.2 408      
750.3 406      
750.4 405      
750.5 404      
750.6 402      
750.7 401      
750.8 400      
750.9 398      
751   397      
751.1 396      
751.2 395      
751.3 394      
751.4 393      
751.5 392      
751.6 391      
751.7 390      
751.8 390      
751.9 389      
752   389      
752.1 389      
752.2 389      
752.3 388      
752.4 388      
752.5 388      
752.6 388      
752.7 388      
752.8 388      
752.9 389      
753   389      
753.1 389      
753.2 390      
753.3 390      
753.4 390      
753.5 389      
753.6 389      
753.7 388      
753.8 387      
753.9 387      
754   386      
754.1 386      
754.2 386      
754.3 386      
754.4 385      
754.5 385      
754.6 385      
754.7 385      
754.8 385      
754.9 385      
755   385      
755.1 385      
755.2 385      
755.3 385      
755.4 385      
755.5 385      
755.6 384      
755.7 384      
755.8 384      
755.9 384      
756   384      
756.1 384      
756.2 384      
756.3 384      
756.4 384      
756.5 384      
756.6 383      
756.7 383      
756.8 383      
756.9 382      
757   382      
757.1 381      
757.2 381      
757.3 381      
757.4 380      
757.5 380      
757.6 380      
757.7 379      
757.8 379      
757.9 379      
758   379      
758.1 379      
758.2 379      
758.3 378      
758.4 378      
758.5 378      
758.6 378      
758.7 378      
758.8 378      
758.9 378      
759   378      
759.1 378      
759.2 378      
759.3 378      
759.4 377      
759.5 377      
759.6 377      
759.7 377      
759.8 376      
759.9 376      
760   376      
760.1 375      
760.2 375      
760.3 374      
760.4 374      
760.5 374      
760.6 374      
760.7 374      
760.8 374      
760.9 373      
761   373      
761.1 373      
761.2 373      
761.3 373      
761.4 373      
761.5 372      
761.6 372      
761.7 372      
761.8 372      
761.9 372      
762   372      
762.1 372      
762.2 372      
762.3 372      
762.4 372      
762.5 373      
762.6 374      
762.7 375      
762.8 375      
762.9 376      
763   377      
763.1 377      
763.2 378      
763.3 379      
763.4 380      
763.5 380      
763.6 381      
763.7 381      
763.8 381      
763.9 382      
764   381      
764.1 381      
764.2 381      
764.3 380      
764.4 380      
764.5 379      
764.6 378      
764.7 377      
764.8 376      
764.9 375      
765   374      
765.1 373      
765.2 372      
765.3 371      
765.4 370      
765.5 369      
765.6 368      
765.7 368      
765.8 367      
765.9 366      
766   366      
766.1 365      
766.2 365      
766.3 364      
766.4 364      
766.5 363      
766.6 363      
766.7 362      
766.8 362      
766.9 362      
767   361      
767.1 361      
767.2 361      
767.3 361      
767.4 360      
767.5 360      
767.6 360      
767.7 359      
767.8 359      
767.9 359      
768   359      
768.1 360      
768.2 360      
768.3 361      
768.4 361      
768.5 361      
768.6 362      
768.7 362      
768.8 363      
768.9 363      
769   363      
769.1 362      
769.2 362      
769.3 361      
769.4 360      
769.5 359      
769.6 358      
769.7 357      
769.8 356      
769.9 355      
770   354      
770.1 353      
770.2 353      
770.3 352      
770.4 352      
770.5 352      
770.6 352      
770.7 352      
770.8 352      
770.9 352      
771   351      
771.1 350      
771.2 350      
771.3 350      
771.4 349      
771.5 349      
771.6 349      
771.7 348      
771.8 347      
771.9 346      
772   346      
772.1 345      
772.2 344      
772.3 343      
772.4 343      
772.5 342      
772.6 342      
772.7 342      
772.8 342      
772.9 342      
773   342      
773.1 342      
773.2 342      
773.3 342      
773.4 343      
773.5 343      
773.6 343      
773.7 343      
773.8 344      
773.9 344      
774   344      
774.1 345      
774.2 345      
774.3 345      
774.4 345      
774.5 345      
774.6 345      
774.7 346      
774.8 346      
774.9 346      
775   346      
775.1 346      
775.2 346      
775.3 346      
775.4 346      
775.5 346      
775.6 346      
775.7 345      
775.8 345      
775.9 344      
776   344      
776.1 344      
776.2 343      
776.3 343      
776.4 344      
776.5 344      
776.6 344      
776.7 344      
776.8 344      
776.9 344      
777   343      
777.1 342      
777.2 341      
777.3 340      
777.4 339      
777.5 338      
777.6 338      
777.7 338      
777.8 338      
777.9 338      
778   339      
778.1 339      
778.2 339      
778.3 339      
778.4 339      
778.5 339      
778.6 339      
778.7 339      
778.8 339      
778.9 338      
779   338      
779.1 337      
779.2 337      
779.3 336      
779.4 335      
779.5 335      
779.6 334      
779.7 333      
779.8 333      
779.9 333      
780   333      
780.1 333      
780.2 333      
780.3 333      
780.4 333      
780.5 333      
780.6 333      
780.7 334      
780.8 334      
780.9 334      
781   334      
781.1 335      
781.2 335      
781.3 335      
781.4 335      
781.5 335      
781.6 335      
781.7 335      
781.8 335      
781.9 335      
782   334      
782.1 333      
782.2 332      
782.3 331      
782.4 330      
782.5 328      
782.6 327      
782.7 326      
782.8 324      
782.9 323      
783   322      
783.1 321      
783.2 320      
783.3 319      
783.4 318      
783.5 318      
783.6 317      
783.7 316      
783.8 316      
783.9 316      
784   315      
784.1 315      
784.2 315      
784.3 315      
784.4 315      
784.5 314      
784.6 314      
784.7 314      
784.8 315      
784.9 315      
785   315      
785.1 316      
785.2 316      
785.3 317      
785.4 317      
785.5 318      
785.6 318      
785.7 318      
785.8 318      
785.9 318      
786   318      
786.1 318      
786.2 318      
786.3 318      
786.4 319      
786.5 319      
786.6 320      
786.7 321      
786.8 321      
786.9 322      
787   322      
787.1 322      
787.2 323      
787.3 323      
787.4 323      
787.5 322      
787.6 322      
787.7 322      
787.8 321      
787.9 321      
788   320      
788.1 320      
788.2 319      
788.3 319      
788.4 318      
788.5 318      
788.6 317      
788.7 316      
788.8 316      
788.9 315      
789   315      
789.1 315      
789.2 314      
789.3 314      
789.4 313      
789.5 313      
789.6 312      
789.7 312      
789.8 311      
789.9 310      
790   310      
790.1 309      
790.2 309      
790.3 309      
790.4 309      
790.5 309      
790.6 309      
790.7 309      
790.8 309      
790.9 309      
791   308      
791.1 308      
791.2 308      
791.3 308      
791.4 308      
791.5 308      
791.6 308      
791.7 308      
791.8 308      
791.9 309      
792   309      
792.1 310      
792.2 311      
792.3 312      
792.4 313      
792.5 313      
792.6 314      
792.7 314      
792.8 314      
792.9 314      
793   314      
793.1 313      
793.2 313      
793.3 313      
793.4 312      
793.5 311      
793.6 310      
793.7 310      
793.8 309      
793.9 309      
794   308      
794.1 307      
794.2 307      
794.3 306      
794.4 305      
794.5 305      
794.6 305      
794.7 305      
794.8 305      
794.9 305      
795   305      
795.1 305      
795.2 304      
795.3 304      
795.4 304      
795.5 305      
795.6 305      
795.7 305      
795.8 305      
795.9 305      
796   305      
796.1 305      
796.2 305      
796.3 305      
796.4 305      
796.5 305      
796.6 306      
796.7 306      
796.8 306      
796.9 306      
797   306      
797.1 307      
797.2 306      
797.3 306      
797.4 306      
797.5 306      
797.6 305      
797.7 305      
797.8 304      
797.9 303      
798   302      
798.1 302      
798.2 302      
798.3 302      
798.4 302      
798.5 302      
798.6 302      
798.7 302      
798.8 301      
798.9 300      
799   299      
799.1 297      
799.2 295      
799.3 293      
799.4 290      
799.5 289      
799.6 288      
799.7 287      
799.8 286      
799.9 285      
800   284      
800.1 284      
800.2 283      
800.3 282      
800.4 282      
800.5 281      
800.6 280      
800.7 280      
800.8 279      
800.9 278      
801   277      
801.1 276      
801.2 275      
801.3 274      
801.4 273      
801.5 272      
801.6 271      
801.7 270      
801.8 269      
801.9 268      
802   267      
802.1 266      
802.2 265      
802.3 265      
802.4 264      
802.5 264      
802.6 264      
802.7 264      
802.8 264      
802.9 264      
803   264      
803.1 264      
803.2 264      
803.3 264      
803.4 264      
803.5 264      
803.6 264      
803.7 264      
803.8 265      
803.9 265      
804   265      
804.1 264      
804.2 264      
804.3 264      
804.4 263      
804.5 262      
804.6 261      
804.7 260      
804.8 259      
804.9 257      
805   256      
805.1 254      
805.2 253      
805.3 253      
805.4 252      
805.5 252      
805.6 251      
805.7 251      
805.8 251      
805.9 250      
806   250      
806.1 250      
806.2 250      
806.3 249      
806.4 249      
806.5 249      
806.6 248      
806.7 248      
806.8 247      
806.9 247      
807   246      
807.1 246      
807.2 246      
807.3 246      
807.4 246      
807.5 245      
807.6 244      
807.7 244      
807.8 243      
807.9 242      
808   242      
808.1 241      
808.2 241      
808.3 240      
808.4 240      
808.5 240      
808.6 240      
808.7 239      
808.8 239      
808.9 239      
809   238      
809.1 238      
809.2 237      
809.3 237      
809.4 236      
809.5 235      
809.6 235      
809.7 234      
809.8 234      
809.9 233      
810   233      
810.1 233      
810.2 233      
810.3 232      
810.4 232      
810.5 233      
810.6 233      
810.7 233      
810.8 233      
810.9 234      
811   234      
811.1 234      
811.2 234      
811.3 234      
811.4 234      
811.5 234      
811.6 234      
811.7 233      
811.8 233      
811.9 233      
812   233      
812.1 232      
812.2 232      
812.3 232      
812.4 231      
812.5 231      
812.6 231      
812.7 231      
812.8 231      
812.9 231      
813   231      
813.1 231      
813.2 231      
813.3 231      
813.4 231      
813.5 231      
813.6 230      
813.7 230      
813.8 230      
813.9 230      
814   230      
814.1 229      
814.2 229      
814.3 229      
814.4 229      
814.5 228      
814.6 228      
814.7 228      
814.8 228      
814.9 228      
815   227      
815.1 227      
815.2 227      
815.3 227      
