
X_km  Z_floor  
629.2 1419     
629.3 1419     
629.4 1418     
629.5 1417     
629.6 1416     
629.7 1415     
629.8 1414     
629.9 1413     
630   1412     
630.1 1412     
630.2 1410     
630.3 1407     
630.4 1403     
630.5 1396     
630.6 1388     
630.7 1379     
630.8 1372     
630.9 1368     
631   1366     
631.1 1365     
631.2 1364     
631.3 1363     
631.4 1362     
631.5 1361     
631.6 1360     
631.7 1359     
631.8 1358     
631.9 1356     
632   1355     
632.1 1354     
632.2 1353     
632.3 1351     
632.4 1350     
632.5 1348     
632.6 1346     
632.7 1344     
632.8 1343     
632.9 1341     
633   1338     
633.1 1335     
633.2 1332     
633.3 1329     
633.4 1326     
633.5 1323     
633.6 1320     
633.7 1317     
633.8 1314     
633.9 1312     
634   1310     
634.1 1309     
634.2 1308     
634.3 1308     
634.4 1307     
634.5 1306     
634.6 1306     
634.7 1305     
634.8 1305     
634.9 1305     
635   1305     
635.1 1304     
635.2 1304     
635.3 1303     
635.4 1301     
635.5 1300     
635.6 1299     
635.7 1298     
635.8 1297     
635.9 1296     
636   1295     
636.1 1294     
636.2 1293     
636.3 1292     
636.4 1290     
636.5 1289     
636.6 1287     
636.7 1285     
636.8 1283     
636.9 1282     
637   1280     
637.1 1278     
637.2 1277     
637.3 1276     
637.4 1274     
637.5 1273     
637.6 1271     
637.7 1269     
637.8 1267     
637.9 1265     
638   1263     
638.1 1262     
638.2 1262     
638.3 1262     
638.4 1263     
638.5 1264     
638.6 1266     
638.7 1267     
638.8 1269     
638.9 1271     
639   1272     
639.1 1273     
639.2 1274     
639.3 1275     
639.4 1276     
639.5 1276     
639.6 1275     
639.7 1274     
639.8 1273     
639.9 1271     
640   1270     
640.1 1268     
640.2 1266     
640.3 1264     
640.4 1262     
640.5 1260     
640.6 1259     
640.7 1258     
640.8 1258     
640.9 1258     
641   1258     
641.1 1259     
641.2 1259     
641.3 1259     
641.4 1259     
641.5 1259     
641.6 1259     
641.7 1258     
641.8 1258     
641.9 1257     
642   1257     
642.1 1257     
642.2 1256     
642.3 1255     
642.4 1254     
642.5 1253     
642.6 1252     
642.7 1251     
642.8 1250     
642.9 1248     
643   1246     
643.1 1245     
643.2 1244     
643.3 1244     
643.4 1243     
643.5 1243     
643.6 1243     
643.7 1243     
643.8 1243     
643.9 1244     
644   1245     
644.1 1246     
644.2 1248     
644.3 1249     
644.4 1250     
644.5 1250     
644.6 1251     
644.7 1251     
644.8 1251     
644.9 1251     
645   1251     
645.1 1252     
645.2 1252     
645.3 1252     
645.4 1251     
645.5 1251     
645.6 1252     
645.7 1253     
645.8 1254     
645.9 1254     
646   1255     
646.1 1254     
646.2 1253     
646.3 1252     
646.4 1251     
646.5 1250     
646.6 1249     
646.7 1249     
646.8 1248     
646.9 1247     
647   1246     
647.1 1245     
647.2 1244     
647.3 1244     
647.4 1243     
647.5 1243     
647.6 1242     
647.7 1242     
647.8 1241     
647.9 1241     
648   1240     
648.1 1239     
648.2 1239     
648.3 1239     
648.4 1238     
648.5 1238     
648.6 1237     
648.7 1236     
648.8 1235     
648.9 1234     
649   1233     
649.1 1232     
649.2 1231     
649.3 1230     
649.4 1228     
649.5 1225     
649.6 1223     
649.7 1220     
649.8 1218     
649.9 1216     
650   1215     
650.1 1214     
650.2 1213     
650.3 1213     
650.4 1213     
650.5 1212     
650.6 1212     
650.7 1212     
650.8 1212     
650.9 1212     
651   1213     
651.1 1213     
651.2 1213     
651.3 1213     
651.4 1214     
651.5 1215     
651.6 1216     
651.7 1217     
651.8 1219     
651.9 1220     
652   1222     
652.1 1222     
652.2 1223     
652.3 1224     
652.4 1224     
652.5 1224     
652.6 1225     
652.7 1225     
652.8 1225     
652.9 1225     
653   1225     
653.1 1225     
653.2 1225     
653.3 1225     
653.4 1225     
653.5 1224     
653.6 1224     
653.7 1223     
653.8 1223     
653.9 1222     
654   1222     
654.1 1221     
654.2 1221     
654.3 1220     
654.4 1219     
654.5 1219     
654.6 1218     
654.7 1217     
654.8 1217     
654.9 1217     
655   1217     
655.1 1217     
655.2 1218     
655.3 1218     
655.4 1219     
655.5 1220     
655.6 1220     
655.7 1221     
655.8 1222     
655.9 1223     
656   1224     
656.1 1224     
656.2 1225     
656.3 1225     
656.4 1225     
656.5 1225     
656.6 1224     
656.7 1223     
656.8 1223     
656.9 1222     
657   1220     
657.1 1219     
657.2 1218     
657.3 1217     
657.4 1215     
657.5 1214     
657.6 1212     
657.7 1211     
657.8 1209     
657.9 1207     
658   1204     
658.1 1201     
658.2 1198     
658.3 1195     
658.4 1193     
658.5 1190     
658.6 1187     
658.7 1185     
658.8 1182     
658.9 1180     
659   1177     
659.1 1175     
659.2 1173     
659.3 1171     
659.4 1170     
659.5 1169     
659.6 1168     
659.7 1167     
659.8 1166     
659.9 1165     
660   1164     
660.1 1163     
660.2 1162     
660.3 1161     
660.4 1160     
660.5 1159     
660.6 1158     
660.7 1157     
660.8 1157     
660.9 1157     
661   1157     
661.1 1157     
661.2 1157     
661.3 1157     
661.4 1157     
661.5 1157     
661.6 1158     
661.7 1160     
661.8 1161     
661.9 1162     
662   1162     
662.1 1161     
662.2 1160     
662.3 1160     
662.4 1159     
662.5 1157     
662.6 1156     
662.7 1153     
662.8 1151     
662.9 1149     
663   1147     
663.1 1145     
663.2 1143     
663.3 1142     
663.4 1141     
663.5 1140     
663.6 1139     
663.7 1138     
663.8 1137     
663.9 1137     
664   1136     
664.1 1135     
664.2 1135     
664.3 1134     
664.4 1133     
664.5 1133     
664.6 1133     
664.7 1133     
664.8 1134     
664.9 1134     
665   1134     
665.1 1133     
665.2 1133     
665.3 1132     
665.4 1131     
665.5 1131     
665.6 1130     
665.7 1129     
665.8 1128     
665.9 1127     
666   1126     
666.1 1126     
666.2 1125     
666.3 1126     
666.4 1126     
666.5 1126     
666.6 1125     
666.7 1125     
666.8 1124     
666.9 1124     
667   1124     
667.1 1125     
667.2 1126     
667.3 1127     
667.4 1128     
667.5 1128     
667.6 1129     
667.7 1130     
667.8 1131     
667.9 1131     
668   1131     
668.1 1130     
668.2 1129     
668.3 1129     
668.4 1128     
668.5 1127     
668.6 1126     
668.7 1125     
668.8 1124     
668.9 1124     
669   1123     
669.1 1123     
669.2 1123     
669.3 1123     
669.4 1123     
669.5 1123     
669.6 1123     
669.7 1124     
669.8 1124     
669.9 1124     
670   1124     
670.1 1124     
670.2 1124     
670.3 1124     
670.4 1124     
670.5 1124     
670.6 1125     
670.7 1125     
670.8 1126     
670.9 1128     
671   1130     
671.1 1131     
671.2 1132     
671.3 1132     
671.4 1131     
671.5 1128     
671.6 1125     
671.7 1122     
671.8 1120     
671.9 1119     
672   1118     
672.1 1117     
672.2 1115     
672.3 1114     
672.4 1113     
672.5 1111     
672.6 1109     
672.7 1107     
672.8 1106     
672.9 1104     
673   1103     
673.1 1102     
673.2 1101     
673.3 1100     
673.4 1100     
673.5 1100     
673.6 1100     
673.7 1100     
673.8 1099     
673.9 1099     
674   1098     
674.1 1097     
674.2 1095     
674.3 1094     
674.4 1093     
674.5 1092     
674.6 1091     
674.7 1090     
674.8 1089     
674.9 1088     
675   1087     
675.1 1086     
675.2 1085     
675.3 1085     
675.4 1084     
675.5 1084     
675.6 1084     
675.7 1084     
675.8 1084     
675.9 1083     
676   1083     
676.1 1082     
676.2 1081     
676.3 1080     
676.4 1079     
676.5 1078     
676.6 1077     
676.7 1076     
676.8 1075     
676.9 1074     
677   1074     
677.1 1073     
677.2 1073     
677.3 1073     
677.4 1072     
677.5 1072     
677.6 1072     
677.7 1071     
677.8 1071     
677.9 1070     
678   1070     
678.1 1069     
678.2 1069     
678.3 1069     
678.4 1069     
678.5 1068     
678.6 1068     
678.7 1067     
678.8 1067     
678.9 1065     
679   1064     
679.1 1062     
679.2 1061     
679.3 1059     
679.4 1057     
679.5 1056     
679.6 1055     
679.7 1054     
679.8 1052     
679.9 1052     
680   1051     
680.1 1050     
680.2 1049     
680.3 1048     
680.4 1048     
680.5 1047     
680.6 1046     
680.7 1046     
680.8 1045     
680.9 1044     
681   1043     
681.1 1043     
681.2 1042     
681.3 1041     
681.4 1040     
681.5 1039     
681.6 1039     
681.7 1038     
681.8 1038     
681.9 1037     
682   1037     
682.1 1036     
682.2 1036     
682.3 1035     
682.4 1034     
682.5 1033     
682.6 1032     
682.7 1030     
682.8 1029     
682.9 1028     
683   1027     
683.1 1025     
683.2 1024     
683.3 1023     
683.4 1022     
683.5 1021     
683.6 1020     
683.7 1020     
683.8 1020     
683.9 1020     
684   1020     
684.1 1020     
684.2 1020     
684.3 1020     
684.4 1020     
684.5 1020     
684.6 1020     
684.7 1019     
684.8 1018     
684.9 1017     
685   1016     
685.1 1015     
685.2 1014     
685.3 1013     
685.4 1011     
685.5 1008     
685.6 1005     
685.7 1002     
685.8 999      
685.9 997      
686   995      
686.1 994      
686.2 993      
686.3 993      
686.4 993      
686.5 992      
686.6 991      
686.7 990      
686.8 989      
686.9 987      
687   985      
687.1 983      
687.2 981      
687.3 980      
687.4 978      
687.5 976      
687.6 975      
687.7 974      
687.8 973      
687.9 972      
688   972      
688.1 972      
688.2 971      
688.3 971      
688.4 971      
688.5 970      
688.6 970      
688.7 969      
688.8 967      
688.9 964      
689   961      
689.1 958      
689.2 955      
689.3 953      
689.4 950      
689.5 949      
689.6 947      
689.7 945      
689.8 943      
689.9 942      
690   940      
690.1 938      
690.2 937      
690.3 936      
690.4 935      
690.5 934      
690.6 933      
690.7 932      
690.8 932      
690.9 932      
691   931      
691.1 930      
691.2 929      
691.3 927      
691.4 925      
691.5 924      
691.6 921      
691.7 919      
691.8 917      
691.9 915      
692   912      
692.1 910      
692.2 908      
692.3 905      
692.4 903      
692.5 901      
692.6 900      
692.7 898      
692.8 897      
692.9 896      
693   895      
693.1 894      
693.2 893      
693.3 892      
693.4 891      
693.5 890      
693.6 889      
693.7 887      
693.8 886      
693.9 884      
694   883      
694.1 881      
694.2 880      
694.3 879      
694.4 878      
694.5 877      
694.6 876      
694.7 875      
694.8 875      
694.9 875      
695   874      
695.1 874      
695.2 874      
695.3 874      
695.4 873      
695.5 872      
695.6 872      
695.7 871      
695.8 871      
695.9 871      
696   870      
696.1 870      
696.2 869      
696.3 869      
696.4 868      
696.5 868      
696.6 868      
696.7 868      
696.8 870      
696.9 871      
697   873      
697.1 875      
697.2 875      
697.3 876      
697.4 875      
697.5 873      
697.6 871      
697.7 868      
697.8 865      
697.9 862      
698   860      
698.1 857      
698.2 855      
698.3 853      
698.4 851      
698.5 850      
698.6 848      
698.7 847      
698.8 845      
698.9 843      
699   842      
699.1 840      
699.2 839      
699.3 839      
699.4 838      
699.5 838      
699.6 837      
699.7 836      
699.8 835      
699.9 834      
700   833      
700.1 832      
700.2 830      
700.3 828      
700.4 826      
700.5 824      
700.6 823      
700.7 821      
700.8 819      
700.9 818      
701   817      
701.1 815      
701.2 814      
701.3 812      
701.4 811      
701.5 810      
701.6 809      
701.7 807      
701.8 806      
701.9 804      
702   803      
702.1 802      
702.2 801      
702.3 800      
702.4 799      
702.5 798      
702.6 798      
702.7 798      
702.8 797      
702.9 797      
703   797      
703.1 796      
703.2 796      
703.3 796      
703.4 796      
703.5 797      
703.6 797      
703.7 798      
703.8 798      
703.9 798      
704   798      
704.1 798      
704.2 798      
704.3 798      
704.4 798      
704.5 798      
704.6 798      
704.7 797      
704.8 797      
704.9 796      
705   795      
705.1 795      
705.2 794      
705.3 793      
705.4 793      
705.5 792      
705.6 791      
705.7 790      
705.8 789      
705.9 788      
706   787      
706.1 786      
706.2 785      
706.3 783      
706.4 782      
706.5 781      
706.6 780      
706.7 779      
706.8 777      
706.9 775      
707   774      
707.1 772      
707.2 771      
707.3 769      
707.4 768      
707.5 767      
707.6 766      
707.7 765      
707.8 764      
707.9 764      
708   763      
708.1 762      
708.2 762      
708.3 761      
708.4 760      
708.5 759      
708.6 759      
708.7 758      
708.8 757      
708.9 756      
709   756      
709.1 756      
709.2 755      
709.3 755      
709.4 755      
709.5 755      
709.6 754      
709.7 754      
709.8 753      
709.9 752      
710   752      
710.1 751      
710.2 750      
710.3 749      
710.4 749      
710.5 748      
710.6 748      
710.7 747      
710.8 747      
710.9 746      
711   745      
711.1 744      
711.2 744      
711.3 744      
711.4 744      
711.5 744      
711.6 744      
711.7 744      
711.8 744      
711.9 744      
712   744      
712.1 745      
712.2 745      
712.3 745      
712.4 745      
712.5 745      
712.6 745      
712.7 746      
712.8 747      
712.9 747      
713   747      
713.1 747      
713.2 747      
713.3 746      
713.4 745      
713.5 744      
713.6 744      
713.7 743      
713.8 743      
713.9 742      
714   742      
714.1 742      
714.2 742      
714.3 742      
714.4 743      
714.5 743      
714.6 743      
714.7 743      
714.8 742      
714.9 742      
715   742      
715.1 741      
715.2 740      
715.3 740      
715.4 739      
715.5 738      
715.6 737      
715.7 736      
715.8 736      
715.9 735      
716   734      
716.1 734      
716.2 733      
716.3 732      
716.4 731      
716.5 730      
716.6 729      
716.7 728      
716.8 727      
716.9 725      
717   724      
717.1 722      
717.2 721      
717.3 719      
717.4 718      
717.5 717      
717.6 716      
717.7 716      
717.8 716      
717.9 716      
718   716      
718.1 716      
718.2 716      
718.3 716      
718.4 715      
718.5 714      
718.6 713      
718.7 712      
718.8 711      
718.9 710      
719   709      
719.1 708      
719.2 707      
719.3 706      
719.4 705      
719.5 704      
719.6 703      
719.7 702      
719.8 701      
719.9 701      
720   700      
720.1 700      
720.2 700      
720.3 699      
720.4 699      
720.5 698      
720.6 697      
720.7 696      
720.8 695      
720.9 694      
721   693      
721.1 692      
721.2 691      
721.3 690      
721.4 689      
721.5 688      
721.6 687      
721.7 686      
721.8 685      
721.9 685      
722   684      
722.1 683      
722.2 683      
722.3 683      
722.4 683      
722.5 683      
722.6 683      
722.7 683      
722.8 684      
722.9 684      
723   684      
723.1 684      
723.2 684      
723.3 683      
723.4 682      
723.5 681      
723.6 680      
723.7 679      
723.8 677      
723.9 676      
724   675      
724.1 673      
724.2 672      
724.3 671      
724.4 670      
724.5 670      
724.6 669      
724.7 669      
724.8 669      
724.9 669      
725   669      
725.1 670      
725.2 670      
725.3 670      
725.4 671      
725.5 671      
725.6 671      
725.7 670      
725.8 670      
725.9 669      
726   668      
726.1 667      
726.2 666      
726.3 665      
726.4 664      
726.5 662      
726.6 661      
726.7 661      
726.8 660      
726.9 660      
727   659      
727.1 658      
727.2 657      
727.3 656      
727.4 654      
727.5 653      
727.6 652      
727.7 651      
727.8 650      
727.9 650      
728   649      
728.1 649      
728.2 649      
728.3 649      
728.4 649      
728.5 649      
728.6 649      
728.7 649      
728.8 648      
728.9 647      
729   646      
729.1 645      
729.2 645      
729.3 644      
729.4 643      
729.5 642      
729.6 642      
729.7 641      
729.8 640      
729.9 640      
730   639      
730.1 638      
730.2 637      
730.3 636      
730.4 636      
730.5 635      
730.6 634      
730.7 633      
730.8 632      
730.9 632      
731   631      
731.1 630      
731.2 630      
731.3 631      
731.4 632      
731.5 634      
731.6 637      
731.7 641      
731.8 644      
731.9 647      
732   649      
732.1 649      
732.2 650      
732.3 650      
732.4 650      
732.5 650      
732.6 650      
732.7 649      
732.8 648      
732.9 647      
733   646      
733.1 645      
733.2 643      
733.3 642      
733.4 640      
733.5 638      
733.6 636      
733.7 634      
733.8 632      
733.9 630      
734   629      
734.1 627      
734.2 625      
734.3 624      
734.4 622      
734.5 621      
734.6 621      
734.7 620      
734.8 620      
734.9 619      
735   619      
735.1 618      
735.2 617      
735.3 617      
735.4 617      
735.5 616      
735.6 616      
735.7 616      
735.8 616      
735.9 616      
736   616      
736.1 616      
736.2 616      
736.3 616      
736.4 616      
736.5 615      
736.6 615      
736.7 615      
736.8 614      
736.9 613      
737   613      
737.1 612      
737.2 612      
737.3 611      
737.4 610      
737.5 609      
737.6 608      
737.7 606      
737.8 605      
737.9 604      
738   603      
738.1 601      
738.2 600      
738.3 598      
738.4 597      
738.5 595      
738.6 594      
738.7 592      
738.8 591      
738.9 589      
739   587      
739.1 586      
739.2 584      
739.3 582      
739.4 580      
739.5 579      
739.6 578      
739.7 577      
739.8 576      
739.9 575      
740   573      
740.1 571      
740.2 570      
740.3 568      
740.4 567      
740.5 565      
740.6 564      
740.7 563      
740.8 562      
740.9 561      
741   560      
741.1 559      
741.2 559      
741.3 558      
741.4 558      
741.5 557      
741.6 557      
741.7 556      
741.8 556      
741.9 555      
742   554      
742.1 554      
742.2 553      
742.3 551      
742.4 550      
742.5 549      
742.6 548      
742.7 547      
742.8 546      
742.9 545      
743   544      
743.1 543      
743.2 542      
743.3 541      
743.4 540      
743.5 539      
743.6 538      
743.7 537      
743.8 536      
743.9 535      
744   534      
744.1 533      
744.2 531      
744.3 530      
744.4 529      
744.5 528      
744.6 526      
744.7 525      
744.8 524      
744.9 522      
745   521      
745.1 519      
745.2 518      
745.3 517      
745.4 516      
745.5 515      
745.6 515      
745.7 514      
745.8 513      
745.9 513      
746   512      
746.1 512      
746.2 512      
746.3 512      
746.4 512      
746.5 512      
746.6 512      
746.7 513      
746.8 513      
746.9 514      
747   515      
747.1 515      
747.2 516      
747.3 516      
747.4 517      
747.5 517      
747.6 517      
747.7 517      
747.8 517      
747.9 517      
748   517      
748.1 517      
748.2 517      
748.3 517      
748.4 517      
748.5 517      
748.6 517      
748.7 517      
748.8 517      
748.9 517      
749   517      
749.1 516      
749.2 516      
749.3 515      
749.4 514      
749.5 513      
749.6 512      
749.7 511      
749.8 510      
749.9 509      
750   507      
750.1 506      
750.2 504      
750.3 503      
750.4 501      
750.5 500      
750.6 498      
750.7 497      
750.8 495      
750.9 494      
751   493      
751.1 491      
751.2 490      
751.3 489      
751.4 488      
751.5 487      
751.6 486      
751.7 486      
751.8 485      
751.9 485      
752   485      
752.1 484      
752.2 484      
752.3 485      
752.4 485      
752.5 485      
752.6 485      
752.7 485      
752.8 485      
752.9 486      
753   486      
753.1 487      
753.2 487      
753.3 488      
753.4 488      
753.5 487      
753.6 487      
753.7 486      
753.8 485      
753.9 485      
754   484      
754.1 484      
754.2 484      
754.3 484      
754.4 484      
754.5 484      
754.6 484      
754.7 484      
754.8 484      
754.9 484      
755   484      
755.1 484      
755.2 484      
755.3 484      
755.4 484      
755.5 484      
755.6 484      
755.7 483      
755.8 483      
755.9 483      
756   483      
756.1 483      
756.2 483      
756.3 483      
756.4 483      
756.5 482      
756.6 482      
756.7 482      
756.8 481      
756.9 480      
757   480      
757.1 479      
757.2 479      
757.3 478      
757.4 478      
757.5 477      
757.6 477      
757.7 477      
757.8 476      
757.9 476      
758   476      
758.1 476      
758.2 476      
758.3 475      
758.4 475      
758.5 475      
758.6 475      
758.7 475      
758.8 475      
758.9 475      
759   475      
759.1 475      
759.2 475      
759.3 475      
759.4 475      
759.5 474      
759.6 474      
759.7 474      
759.8 473      
759.9 473      
760   472      
760.1 472      
760.2 471      
760.3 471      
760.4 470      
760.5 470      
760.6 470      
760.7 470      
760.8 470      
760.9 469      
761   469      
761.1 469      
761.2 469      
761.3 469      
761.4 469      
761.5 468      
761.6 468      
761.7 468      
761.8 468      
761.9 468      
762   468      
762.1 467      
762.2 468      
762.3 468      
762.4 468      
762.5 469      
762.6 470      
762.7 471      
762.8 472      
762.9 473      
763   474      
763.1 475      
763.2 476      
763.3 477      
763.4 478      
763.5 479      
763.6 480      
763.7 480      
763.8 481      
763.9 481      
764   481      
764.1 480      
764.2 480      
764.3 479      
764.4 478      
764.5 477      
764.6 476      
764.7 475      
764.8 474      
764.9 473      
765   471      
765.1 470      
765.2 469      
765.3 467      
765.4 466      
765.5 465      
765.6 464      
765.7 462      
765.8 462      
765.9 461      
766   460      
766.1 459      
766.2 459      
766.3 458      
766.4 458      
766.5 457      
766.6 457      
766.7 456      
766.8 456      
766.9 455      
767   455      
767.1 455      
767.2 454      
767.3 454      
767.4 454      
767.5 453      
767.6 453      
767.7 453      
767.8 452      
767.9 452      
768   453      
768.1 453      
768.2 454      
768.3 455      
768.4 455      
768.5 456      
768.6 456      
768.7 457      
768.8 458      
768.9 458      
769   458      
769.1 458      
769.2 457      
769.3 456      
769.4 455      
769.5 454      
769.6 452      
769.7 451      
769.8 450      
769.9 448      
770   447      
770.1 446      
770.2 445      
770.3 445      
770.4 444      
770.5 444      
770.6 444      
770.7 444      
770.8 444      
770.9 444      
771   443      
771.1 443      
771.2 442      
771.3 442      
771.4 441      
771.5 441      
771.6 440      
771.7 439      
771.8 437      
771.9 436      
772   435      
772.1 434      
772.2 432      
772.3 431      
772.4 430      
772.5 429      
772.6 429      
772.7 428      
772.8 428      
772.9 428      
773   428      
773.1 428      
773.2 428      
773.3 428      
773.4 429      
773.5 429      
773.6 429      
773.7 430      
773.8 430      
773.9 431      
774   431      
774.1 432      
774.2 432      
774.3 432      
774.4 432      
774.5 433      
774.6 433      
774.7 433      
774.8 433      
774.9 433      
775   433      
775.1 433      
775.2 433      
775.3 434      
775.4 434      
775.5 434      
775.6 433      
775.7 433      
775.8 433      
775.9 432      
776   432      
776.1 432      
776.2 431      
776.3 431      
776.4 432      
776.5 432      
776.6 432      
776.7 432      
776.8 432      
776.9 432      
777   431      
777.1 430      
777.2 429      
777.3 428      
777.4 426      
777.5 425      
777.6 425      
777.7 425      
777.8 425      
777.9 425      
778   426      
778.1 426      
778.2 426      
778.3 427      
778.4 427      
778.5 427      
778.6 426      
778.7 426      
778.8 426      
778.9 426      
779   425      
779.1 424      
779.2 424      
779.3 423      
779.4 422      
779.5 421      
779.6 420      
779.7 419      
779.8 419      
779.9 418      
780   418      
780.1 418      
780.2 418      
780.3 418      
780.4 419      
780.5 419      
780.6 419      
780.7 420      
780.8 420      
780.9 420      
781   421      
781.1 421      
781.2 421      
781.3 421      
781.4 421      
781.5 422      
781.6 422      
781.7 422      
781.8 422      
781.9 421      
782   421      
782.1 420      
782.2 418      
782.3 417      
782.4 415      
782.5 413      
782.6 412      
782.7 410      
782.8 408      
782.9 406      
783   405      
783.1 403      
783.2 402      
783.3 401      
783.4 399      
783.5 398      
783.6 397      
783.7 396      
783.8 396      
783.9 395      
784   395      
784.1 395      
784.2 394      
784.3 394      
784.4 394      
784.5 394      
784.6 394      
784.7 394      
784.8 394      
784.9 394      
785   394      
785.1 395      
785.2 396      
785.3 396      
785.4 397      
785.5 397      
785.6 398      
785.7 398      
785.8 398      
785.9 398      
786   398      
786.1 398      
786.2 398      
786.3 398      
786.4 398      
786.5 399      
786.6 400      
786.7 401      
786.8 402      
786.9 402      
787   403      
787.1 403      
787.2 403      
787.3 404      
787.4 403      
787.5 403      
787.6 403      
787.7 402      
787.8 402      
787.9 401      
788   400      
788.1 400      
788.2 399      
788.3 398      
788.4 398      
788.5 397      
788.6 396      
788.7 395      
788.8 394      
788.9 394      
789   393      
789.1 393      
789.2 392      
789.3 392      
789.4 391      
789.5 391      
789.6 390      
789.7 389      
789.8 388      
789.9 387      
790   387      
790.1 386      
790.2 386      
790.3 386      
790.4 386      
790.5 386      
790.6 386      
790.7 386      
790.8 386      
790.9 386      
791   385      
791.1 385      
791.2 385      
791.3 385      
791.4 385      
791.5 385      
791.6 385      
791.7 385      
791.8 386      
791.9 386      
792   387      
792.1 388      
792.2 389      
792.3 391      
792.4 392      
792.5 393      
792.6 393      
792.7 393      
792.8 393      
792.9 393      
793   393      
793.1 393      
793.2 392      
793.3 392      
793.4 391      
793.5 390      
793.6 389      
793.7 388      
793.8 387      
793.9 387      
794   386      
794.1 385      
794.2 384      
794.3 384      
794.4 383      
794.5 383      
794.6 383      
794.7 383      
794.8 382      
794.9 382      
795   382      
795.1 382      
795.2 382      
795.3 382      
795.4 382      
795.5 382      
795.6 382      
795.7 382      
795.8 382      
795.9 382      
796   382      
796.1 382      
796.2 382      
796.3 382      
796.4 383      
796.5 383      
796.6 383      
796.7 383      
796.8 384      
796.9 384      
797   384      
797.1 384      
797.2 384      
797.3 384      
797.4 384      
797.5 384      
797.6 383      
797.7 382      
797.8 381      
797.9 380      
798   379      
798.1 379      
798.2 379      
798.3 379      
798.4 379      
798.5 379      
798.6 379      
798.7 379      
798.8 378      
798.9 377      
799   375      
799.1 373      
799.2 370      
799.3 366      
799.4 364      
799.5 362      
799.6 360      
799.7 359      
799.8 358      
799.9 357      
800   356      
800.1 355      
800.2 354      
800.3 353      
800.4 352      
800.5 352      
800.6 351      
800.7 350      
800.8 348      
800.9 347      
801   346      
801.1 345      
801.2 344      
801.3 342      
801.4 341      
801.5 340      
801.6 338      
801.7 337      
801.8 335      
801.9 334      
802   332      
802.1 331      
802.2 330      
802.3 330      
802.4 329      
802.5 329      
802.6 329      
802.7 329      
802.8 328      
802.9 328      
803   328      
803.1 328      
803.2 328      
803.3 328      
803.4 328      
803.5 329      
803.6 329      
803.7 329      
803.8 329      
803.9 330      
804   330      
804.1 329      
804.2 329      
804.3 329      
804.4 328      
804.5 326      
804.6 325      
804.7 323      
804.8 321      
804.9 319      
805   318      
805.1 316      
805.2 314      
805.3 314      
805.4 313      
805.5 312      
805.6 312      
805.7 311      
805.8 311      
805.9 311      
806   311      
806.1 310      
806.2 310      
806.3 310      
806.4 309      
806.5 309      
806.6 308      
806.7 308      
806.8 307      
806.9 306      
807   306      
807.1 305      
807.2 305      
807.3 305      
807.4 305      
807.5 304      
807.6 303      
807.7 302      
807.8 301      
807.9 300      
808   299      
808.1 299      
808.2 298      
808.3 298      
808.4 297      
808.5 297      
808.6 297      
808.7 297      
808.8 296      
808.9 296      
809   295      
809.1 294      
809.2 294      
809.3 293      
809.4 292      
809.5 291      
809.6 291      
809.7 290      
809.8 289      
809.9 289      
810   288      
810.1 288      
810.2 288      
810.3 287      
810.4 287      
810.5 288      
810.6 288      
810.7 288      
810.8 289      
810.9 289      
811   289      
811.1 289      
811.2 289      
811.3 289      
811.4 289      
811.5 289      
811.6 289      
811.7 288      
811.8 288      
811.9 288      
812   287      
812.1 286      
812.2 286      
812.3 285      
812.4 284      
812.5 284      
812.6 283      
812.7 283      
812.8 283      
812.9 283      
813   283      
813.1 282      
813.2 282      
813.3 282      
813.4 282      
813.5 282      
813.6 282      
813.7 282      
813.8 281      
813.9 281      
814   281      
814.1 280      
814.2 280      
814.3 280      
814.4 279      
814.5 279      
814.6 279      
814.7 278      
814.8 278      
814.9 278      
815   278      
815.1 278      
815.2 277      
815.3 277      
815.4 277      
815.5 277      
815.6 277      
815.7 277      
815.8 277      
815.9 277      
816   277      
816.1 277      
816.2 277      
816.3 277      
