
X_km  Z_floor  
629.3 1858     
629.4 1852     
629.5 1846     
629.6 1840     
629.7 1835     
629.8 1830     
629.9 1826     
630   1822     
630.1 1819     
630.2 1816     
630.3 1814     
630.4 1811     
630.5 1808     
630.6 1805     
630.7 1800     
630.8 1796     
630.9 1790     
631   1784     
631.1 1778     
631.2 1772     
631.3 1766     
631.4 1760     
631.5 1754     
631.6 1748     
631.7 1744     
631.8 1739     
631.9 1735     
632   1731     
632.1 1728     
632.2 1724     
632.3 1721     
632.4 1719     
632.5 1716     
632.6 1714     
632.7 1712     
632.8 1710     
632.9 1709     
633   1707     
633.1 1706     
633.2 1704     
633.3 1702     
633.4 1700     
633.5 1698     
633.6 1696     
633.7 1694     
633.8 1692     
633.9 1691     
634   1689     
634.1 1687     
634.2 1685     
634.3 1683     
634.4 1681     
634.5 1678     
634.6 1676     
634.7 1673     
634.8 1670     
634.9 1667     
635   1664     
635.1 1661     
635.2 1659     
635.3 1656     
635.4 1654     
635.5 1652     
635.6 1651     
635.7 1650     
635.8 1649     
635.9 1649     
636   1648     
636.1 1647     
636.2 1647     
636.3 1646     
636.4 1646     
636.5 1645     
636.6 1645     
636.7 1645     
636.8 1645     
636.9 1645     
637   1645     
637.1 1645     
637.2 1646     
637.3 1646     
637.4 1647     
637.5 1647     
637.6 1648     
637.7 1649     
637.8 1650     
637.9 1651     
638   1651     
638.1 1652     
638.2 1653     
638.3 1654     
638.4 1654     
638.5 1655     
638.6 1656     
638.7 1656     
638.8 1656     
638.9 1656     
639   1656     
639.1 1655     
639.2 1654     
639.3 1653     
639.4 1652     
639.5 1651     
639.6 1650     
639.7 1649     
639.8 1648     
639.9 1646     
640   1645     
640.1 1643     
640.2 1641     
640.3 1639     
640.4 1637     
640.5 1634     
640.6 1631     
640.7 1628     
640.8 1625     
640.9 1622     
641   1619     
641.1 1616     
641.2 1613     
641.3 1610     
641.4 1607     
641.5 1605     
641.6 1603     
641.7 1601     
641.8 1599     
641.9 1597     
642   1595     
642.1 1594     
642.2 1592     
642.3 1591     
642.4 1589     
642.5 1588     
642.6 1587     
642.7 1587     
642.8 1587     
642.9 1587     
643   1588     
643.1 1589     
643.2 1591     
643.3 1592     
643.4 1594     
643.5 1595     
643.6 1596     
643.7 1597     
643.8 1598     
643.9 1600     
644   1601     
644.1 1602     
644.2 1603     
644.3 1604     
644.4 1605     
644.5 1606     
644.6 1606     
644.7 1607     
644.8 1608     
644.9 1609     
645   1610     
645.1 1610     
645.2 1611     
645.3 1612     
645.4 1612     
645.5 1613     
645.6 1614     
645.7 1614     
645.8 1615     
645.9 1615     
646   1616     
646.1 1616     
646.2 1616     
646.3 1615     
646.4 1614     
646.5 1613     
646.6 1612     
646.7 1611     
646.8 1610     
646.9 1609     
647   1607     
647.1 1606     
647.2 1605     
647.3 1605     
647.4 1604     
647.5 1603     
647.6 1603     
647.7 1603     
647.8 1603     
647.9 1603     
648   1603     
648.1 1603     
648.2 1603     
648.3 1602     
648.4 1602     
648.5 1600     
648.6 1599     
648.7 1598     
648.8 1596     
648.9 1594     
649   1592     
649.1 1590     
649.2 1588     
649.3 1586     
649.4 1584     
649.5 1581     
649.6 1579     
649.7 1576     
649.8 1574     
649.9 1572     
650   1570     
650.1 1568     
650.2 1566     
650.3 1565     
650.4 1564     
650.5 1563     
650.6 1562     
650.7 1562     
650.8 1562     
650.9 1562     
651   1563     
651.1 1564     
651.2 1566     
651.3 1567     
651.4 1568     
651.5 1569     
651.6 1570     
651.7 1572     
651.8 1573     
651.9 1574     
652   1575     
652.1 1576     
652.2 1576     
652.3 1576     
652.4 1577     
652.5 1577     
652.6 1577     
652.7 1577     
652.8 1576     
652.9 1576     
653   1576     
653.1 1575     
653.2 1575     
653.3 1574     
653.4 1574     
653.5 1574     
653.6 1574     
653.7 1573     
653.8 1573     
653.9 1573     
654   1573     
654.1 1572     
654.2 1572     
654.3 1571     
654.4 1570     
654.5 1569     
654.6 1568     
654.7 1567     
654.8 1566     
654.9 1566     
655   1565     
655.1 1565     
655.2 1565     
655.3 1565     
655.4 1564     
655.5 1563     
655.6 1561     
655.7 1560     
655.8 1559     
655.9 1558     
656   1557     
656.1 1557     
656.2 1557     
656.3 1557     
656.4 1556     
656.5 1556     
656.6 1556     
656.7 1556     
656.8 1556     
656.9 1556     
657   1556     
657.1 1556     
657.2 1556     
657.3 1555     
657.4 1555     
657.5 1554     
657.6 1554     
657.7 1554     
657.8 1553     
657.9 1553     
658   1553     
658.1 1552     
658.2 1552     
658.3 1551     
658.4 1550     
658.5 1550     
658.6 1549     
658.7 1549     
658.8 1548     
658.9 1547     
659   1546     
659.1 1546     
659.2 1545     
659.3 1544     
659.4 1544     
659.5 1543     
659.6 1542     
659.7 1541     
659.8 1540     
659.9 1539     
660   1538     
660.1 1537     
660.2 1536     
660.3 1535     
660.4 1534     
660.5 1533     
660.6 1533     
660.7 1532     
660.8 1532     
660.9 1532     
661   1533     
661.1 1533     
661.2 1534     
661.3 1535     
661.4 1536     
661.5 1537     
661.6 1539     
661.7 1539     
661.8 1540     
661.9 1541     
662   1542     
662.1 1542     
662.2 1542     
662.3 1542     
662.4 1542     
662.5 1542     
662.6 1542     
662.7 1542     
662.8 1542     
662.9 1541     
663   1541     
663.1 1541     
663.2 1541     
663.3 1540     
663.4 1540     
663.5 1540     
663.6 1539     
663.7 1539     
663.8 1539     
663.9 1538     
664   1538     
664.1 1538     
664.2 1538     
664.3 1537     
664.4 1537     
664.5 1537     
664.6 1537     
664.7 1536     
664.8 1536     
664.9 1536     
665   1535     
665.1 1535     
665.2 1535     
665.3 1534     
665.4 1534     
665.5 1534     
665.6 1533     
665.7 1533     
665.8 1532     
665.9 1532     
666   1531     
666.1 1531     
666.2 1530     
666.3 1530     
666.4 1529     
666.5 1529     
666.6 1528     
666.7 1527     
666.8 1526     
666.9 1526     
667   1525     
667.1 1524     
667.2 1524     
667.3 1523     
667.4 1523     
667.5 1523     
667.6 1523     
667.7 1522     
667.8 1522     
667.9 1522     
668   1522     
668.1 1522     
668.2 1522     
668.3 1522     
668.4 1522     
668.5 1522     
668.6 1522     
668.7 1523     
668.8 1523     
668.9 1523     
669   1523     
669.1 1523     
669.2 1523     
669.3 1523     
669.4 1523     
669.5 1523     
669.6 1524     
669.7 1524     
669.8 1524     
669.9 1525     
670   1525     
670.1 1525     
670.2 1526     
670.3 1526     
670.4 1527     
670.5 1527     
670.6 1527     
670.7 1528     
670.8 1528     
670.9 1529     
671   1530     
671.1 1530     
671.2 1531     
671.3 1531     
671.4 1532     
671.5 1533     
671.6 1533     
671.7 1534     
671.8 1534     
671.9 1535     
672   1535     
672.1 1536     
672.2 1536     
672.3 1536     
672.4 1537     
672.5 1537     
672.6 1537     
672.7 1537     
672.8 1537     
672.9 1537     
673   1537     
673.1 1537     
673.2 1537     
673.3 1536     
673.4 1536     
673.5 1536     
673.6 1536     
673.7 1535     
673.8 1535     
673.9 1534     
674   1533     
674.1 1533     
674.2 1532     
674.3 1531     
674.4 1531     
674.5 1530     
674.6 1529     
674.7 1528     
674.8 1527     
674.9 1526     
675   1525     
675.1 1525     
675.2 1524     
675.3 1523     
675.4 1522     
675.5 1521     
675.6 1520     
675.7 1519     
675.8 1519     
675.9 1518     
676   1517     
676.1 1516     
676.2 1516     
676.3 1515     
676.4 1514     
676.5 1513     
676.6 1512     
676.7 1511     
676.8 1511     
676.9 1510     
677   1509     
677.1 1509     
677.2 1508     
677.3 1508     
677.4 1507     
677.5 1507     
677.6 1507     
677.7 1506     
677.8 1506     
677.9 1506     
678   1505     
678.1 1505     
678.2 1505     
678.3 1504     
678.4 1504     
678.5 1503     
678.6 1503     
678.7 1502     
678.8 1500     
678.9 1499     
679   1497     
679.1 1495     
679.2 1494     
679.3 1492     
679.4 1490     
679.5 1489     
679.6 1488     
679.7 1487     
679.8 1487     
679.9 1486     
680   1486     
680.1 1486     
680.2 1486     
680.3 1487     
680.4 1487     
680.5 1485     
680.6 1485     
680.7 1484     
680.8 1482     
680.9 1481     
681   1478     
681.1 1476     
681.2 1474     
681.3 1471     
681.4 1469     
681.5 1467     
681.6 1466     
681.7 1465     
681.8 1458     
681.9 1460     
682   1462     
682.1 1463     
682.2 1464     
682.3 1465     
682.4 1465     
682.5 1466     
682.6 1468     
682.7 1469     
682.8 1472     
682.9 1474     
683   1477     
683.1 1479     
683.2 1481     
683.3 1481     
683.4 1482     
683.5 1481     
683.6 1480     
683.7 1480     
683.8 1479     
683.9 1479     
684   1479     
684.1 1479     
684.2 1480     
684.3 1481     
684.4 1482     
684.5 1483     
684.6 1485     
684.7 1486     
684.8 1487     
684.9 1489     
685   1490     
685.1 1492     
685.2 1494     
685.3 1495     
685.4 1497     
685.5 1497     
685.6 1498     
685.7 1498     
685.8 1498     
685.9 1498     
686   1499     
686.1 1499     
686.2 1500     
686.3 1501     
686.4 1502     
686.5 1502     
686.6 1503     
686.7 1502     
686.8 1502     
686.9 1501     
687   1500     
687.1 1498     
687.2 1497     
687.3 1496     
687.4 1495     
687.5 1494     
687.6 1493     
687.7 1493     
687.8 1493     
687.9 1494     
688   1494     
688.1 1495     
688.2 1496     
688.3 1497     
688.4 1498     
688.5 1499     
688.6 1501     
688.7 1502     
688.8 1503     
688.9 1504     
689   1503     
689.1 1502     
689.2 1501     
689.3 1500     
689.4 1499     
689.5 1498     
689.6 1497     
689.7 1496     
689.8 1495     
689.9 1495     
690   1494     
690.1 1494     
690.2 1494     
690.3 1494     
690.4 1493     
690.5 1492     
690.6 1490     
690.7 1489     
690.8 1488     
690.9 1487     
691   1487     
691.1 1487     
691.2 1486     
691.3 1485     
691.4 1484     
691.5 1483     
691.6 1482     
691.7 1482     
691.8 1482     
691.9 1482     
692   1482     
692.1 1483     
692.2 1482     
692.3 1482     
692.4 1481     
692.5 1479     
692.6 1478     
692.7 1477     
692.8 1475     
692.9 1475     
693   1474     
693.1 1473     
693.2 1473     
693.3 1473     
693.4 1473     
693.5 1474     
693.6 1475     
693.7 1475     
693.8 1475     
693.9 1475     
694   1475     
694.1 1475     
694.2 1475     
694.3 1475     
694.4 1475     
694.5 1475     
694.6 1474     
694.7 1474     
694.8 1474     
694.9 1474     
695   1473     
695.1 1473     
695.2 1473     
695.3 1473     
695.4 1473     
695.5 1473     
695.6 1473     
695.7 1474     
695.8 1474     
695.9 1474     
696   1474     
696.1 1474     
696.2 1474     
696.3 1474     
696.4 1473     
696.5 1473     
696.6 1473     
696.7 1472     
696.8 1472     
696.9 1471     
697   1470     
697.1 1470     
697.2 1469     
697.3 1467     
697.4 1466     
697.5 1465     
697.6 1464     
697.7 1463     
697.8 1461     
697.9 1460     
698   1458     
698.1 1456     
698.2 1454     
698.3 1453     
698.4 1451     
698.5 1450     
698.6 1448     
698.7 1446     
698.8 1445     
698.9 1444     
699   1443     
699.1 1442     
699.2 1441     
699.3 1440     
699.4 1439     
699.5 1439     
699.6 1438     
699.7 1437     
699.8 1436     
699.9 1436     
700   1435     
700.1 1434     
700.2 1434     
700.3 1433     
700.4 1433     
700.5 1432     
700.6 1432     
700.7 1432     
700.8 1432     
700.9 1432     
701   1431     
701.1 1431     
701.2 1431     
701.3 1431     
701.4 1431     
701.5 1430     
701.6 1430     
701.7 1429     
701.8 1428     
701.9 1427     
702   1426     
702.1 1425     
702.2 1424     
702.3 1423     
702.4 1421     
702.5 1420     
702.6 1418     
702.7 1417     
702.8 1416     
702.9 1414     
703   1413     
703.1 1411     
703.2 1410     
703.3 1408     
703.4 1407     
703.5 1406     
703.6 1405     
703.7 1403     
703.8 1402     
703.9 1401     
704   1400     
704.1 1399     
704.2 1398     
704.3 1396     
704.4 1395     
704.5 1394     
704.6 1393     
704.7 1392     
704.8 1391     
704.9 1390     
705   1389     
705.1 1388     
705.2 1387     
705.3 1386     
705.4 1385     
705.5 1384     
705.6 1383     
705.7 1382     
705.8 1381     
705.9 1380     
706   1379     
706.1 1378     
706.2 1377     
706.3 1376     
706.4 1376     
706.5 1375     
706.6 1374     
706.7 1373     
706.8 1372     
706.9 1371     
707   1371     
707.1 1370     
707.2 1369     
707.3 1368     
707.4 1368     
707.5 1367     
707.6 1366     
707.7 1366     
707.8 1365     
707.9 1364     
708   1363     
708.1 1362     
708.2 1361     
708.3 1360     
708.4 1359     
708.5 1358     
708.6 1357     
708.7 1356     
708.8 1355     
708.9 1354     
709   1353     
709.1 1352     
709.2 1351     
709.3 1351     
709.4 1350     
709.5 1350     
709.6 1351     
709.7 1351     
709.8 1353     
709.9 1354     
710   1356     
710.1 1358     
710.2 1359     
710.3 1361     
710.4 1362     
710.5 1363     
710.6 1364     
710.7 1364     
710.8 1364     
710.9 1365     
711   1365     
711.1 1365     
711.2 1365     
711.3 1366     
711.4 1366     
711.5 1367     
711.6 1368     
711.7 1368     
711.8 1369     
711.9 1369     
712   1370     
712.1 1371     
712.2 1371     
712.3 1371     
712.4 1371     
712.5 1370     
712.6 1370     
712.7 1370     
712.8 1371     
712.9 1371     
713   1371     
713.1 1372     
713.2 1372     
713.3 1372     
713.4 1373     
713.5 1373     
713.6 1373     
713.7 1374     
713.8 1374     
713.9 1375     
714   1375     
714.1 1375     
714.2 1375     
714.3 1375     
714.4 1376     
714.5 1376     
714.6 1376     
714.7 1377     
714.8 1377     
714.9 1377     
715   1378     
715.1 1378     
715.2 1379     
715.3 1379     
715.4 1379     
715.5 1380     
715.6 1380     
715.7 1380     
715.8 1380     
715.9 1380     
716   1381     
716.1 1381     
716.2 1382     
716.3 1383     
716.4 1384     
716.5 1385     
716.6 1385     
716.7 1386     
716.8 1387     
716.9 1388     
717   1389     
717.1 1390     
717.2 1391     
717.3 1391     
717.4 1392     
717.5 1393     
717.6 1393     
717.7 1394     
717.8 1394     
717.9 1395     
718   1396     
718.1 1396     
718.2 1396     
718.3 1397     
718.4 1397     
718.5 1397     
718.6 1397     
718.7 1397     
718.8 1397     
718.9 1397     
719   1398     
719.1 1398     
719.2 1398     
719.3 1398     
719.4 1398     
719.5 1398     
719.6 1398     
719.7 1398     
719.8 1398     
719.9 1398     
720   1398     
720.1 1398     
720.2 1398     
720.3 1398     
720.4 1398     
720.5 1398     
720.6 1398     
720.7 1398     
720.8 1398     
720.9 1398     
721   1398     
721.1 1397     
721.2 1397     
721.3 1397     
721.4 1397     
721.5 1397     
721.6 1397     
721.7 1397     
721.8 1397     
721.9 1398     
722   1398     
722.1 1398     
722.2 1399     
722.3 1399     
722.4 1399     
722.5 1400     
722.6 1400     
722.7 1400     
722.8 1401     
722.9 1401     
723   1401     
723.1 1401     
723.2 1402     
723.3 1402     
723.4 1402     
723.5 1402     
723.6 1403     
723.7 1403     
723.8 1403     
723.9 1403     
724   1404     
724.1 1404     
724.2 1404     
724.3 1404     
724.4 1405     
724.5 1405     
724.6 1405     
724.7 1406     
724.8 1406     
724.9 1406     
725   1407     
725.1 1407     
725.2 1408     
725.3 1408     
725.4 1408     
725.5 1409     
725.6 1409     
725.7 1410     
725.8 1410     
725.9 1410     
726   1410     
726.1 1411     
726.2 1411     
726.3 1411     
726.4 1411     
726.5 1411     
726.6 1411     
726.7 1411     
726.8 1411     
726.9 1411     
727   1411     
727.1 1411     
727.2 1411     
727.3 1411     
727.4 1411     
727.5 1411     
727.6 1411     
727.7 1411     
727.8 1410     
727.9 1410     
728   1410     
728.1 1409     
728.2 1409     
728.3 1408     
728.4 1408     
728.5 1407     
728.6 1406     
728.7 1405     
728.8 1404     
728.9 1403     
729   1402     
729.1 1401     
729.2 1400     
729.3 1398     
729.4 1397     
729.5 1396     
729.6 1394     
729.7 1393     
729.8 1391     
729.9 1390     
730   1388     
730.1 1387     
730.2 1385     
730.3 1384     
730.4 1382     
730.5 1381     
730.6 1379     
730.7 1378     
730.8 1376     
730.9 1375     
731   1374     
731.1 1372     
731.2 1371     
731.3 1370     
731.4 1369     
731.5 1368     
731.6 1367     
731.7 1366     
731.8 1365     
731.9 1364     
732   1364     
732.1 1363     
732.2 1362     
732.3 1362     
732.4 1361     
732.5 1361     
732.6 1361     
732.7 1360     
732.8 1360     
732.9 1360     
733   1360     
733.1 1360     
733.2 1359     
733.3 1359     
733.4 1359     
733.5 1359     
733.6 1359     
733.7 1359     
733.8 1359     
733.9 1359     
734   1359     
734.1 1359     
734.2 1359     
734.3 1359     
734.4 1359     
734.5 1359     
734.6 1359     
734.7 1359     
734.8 1360     
734.9 1360     
735   1360     
735.1 1360     
735.2 1360     
735.3 1360     
735.4 1360     
735.5 1360     
735.6 1359     
735.7 1359     
735.8 1359     
735.9 1359     
736   1358     
736.1 1358     
736.2 1358     
736.3 1357     
736.4 1357     
736.5 1357     
736.6 1356     
736.7 1356     
736.8 1355     
736.9 1355     
737   1354     
737.1 1354     
737.2 1353     
737.3 1353     
737.4 1352     
737.5 1352     
737.6 1351     
737.7 1351     
737.8 1350     
737.9 1349     
738   1349     
738.1 1348     
738.2 1347     
738.3 1347     
738.4 1346     
738.5 1345     
738.6 1344     
738.7 1344     
738.8 1343     
738.9 1342     
739   1341     
739.1 1341     
739.2 1340     
739.3 1339     
739.4 1338     
739.5 1338     
739.6 1338     
739.7 1338     
739.8 1338     
739.9 1337     
740   1336     
740.1 1335     
740.2 1335     
740.3 1334     
740.4 1333     
740.5 1333     
740.6 1332     
740.7 1331     
740.8 1331     
740.9 1330     
741   1329     
741.1 1329     
741.2 1328     
741.3 1327     
741.4 1327     
741.5 1326     
741.6 1326     
741.7 1325     
741.8 1324     
741.9 1324     
742   1323     
742.1 1323     
742.2 1323     
742.3 1322     
742.4 1322     
742.5 1321     
742.6 1321     
742.7 1320     
742.8 1320     
742.9 1319     
743   1319     
743.1 1319     
743.2 1318     
743.3 1318     
743.4 1318     
743.5 1317     
743.6 1317     
743.7 1317     
743.8 1316     
743.9 1316     
744   1316     
744.1 1315     
744.2 1315     
744.3 1315     
744.4 1314     
744.5 1314     
744.6 1314     
744.7 1314     
744.8 1313     
744.9 1313     
745   1313     
745.1 1313     
745.2 1312     
745.3 1313     
745.4 1313     
745.5 1313     
745.6 1314     
745.7 1314     
745.8 1315     
745.9 1315     
746   1316     
746.1 1316     
746.2 1317     
746.3 1317     
746.4 1317     
746.5 1318     
746.6 1318     
746.7 1319     
746.8 1319     
746.9 1319     
747   1320     
747.1 1320     
747.2 1320     
747.3 1321     
747.4 1321     
747.5 1321     
747.6 1322     
747.7 1322     
747.8 1322     
747.9 1323     
748   1323     
748.1 1324     
748.2 1324     
748.3 1324     
748.4 1325     
748.5 1325     
748.6 1325     
748.7 1325     
748.8 1326     
748.9 1326     
749   1326     
749.1 1326     
749.2 1327     
749.3 1327     
749.4 1327     
749.5 1327     
749.6 1327     
749.7 1327     
749.8 1327     
749.9 1327     
750   1327     
750.1 1327     
750.2 1326     
750.3 1326     
750.4 1325     
750.5 1325     
750.6 1324     
750.7 1323     
750.8 1322     
750.9 1321     
751   1320     
751.1 1319     
751.2 1318     
751.3 1318     
751.4 1317     
751.5 1317     
751.6 1316     
751.7 1316     
751.8 1315     
751.9 1315     
752   1315     
752.1 1315     
752.2 1314     
752.3 1314     
752.4 1314     
752.5 1314     
752.6 1313     
752.7 1313     
752.8 1313     
752.9 1312     
753   1312     
753.1 1312     
753.2 1311     
753.3 1311     
753.4 1311     
753.5 1310     
753.6 1310     
753.7 1309     
753.8 1309     
753.9 1308     
754   1308     
754.1 1307     
754.2 1307     
754.3 1306     
754.4 1306     
754.5 1305     
754.6 1305     
754.7 1304     
754.8 1303     
754.9 1303     
755   1302     
755.1 1301     
755.2 1301     
755.3 1300     
755.4 1299     
755.5 1299     
755.6 1298     
755.7 1297     
755.8 1296     
755.9 1296     
756   1295     
756.1 1294     
756.2 1293     
756.3 1292     
756.4 1291     
756.5 1291     
756.6 1290     
756.7 1289     
756.8 1288     
756.9 1287     
757   1286     
757.1 1285     
757.2 1284     
757.3 1283     
757.4 1282     
757.5 1281     
757.6 1280     
757.7 1279     
757.8 1278     
757.9 1277     
758   1276     
758.1 1275     
758.2 1274     
758.3 1273     
758.4 1272     
758.5 1271     
758.6 1270     
758.7 1269     
758.8 1268     
758.9 1268     
759   1267     
759.1 1266     
759.2 1265     
759.3 1264     
759.4 1263     
759.5 1262     
759.6 1261     
759.7 1261     
759.8 1260     
759.9 1259     
760   1258     
760.1 1257     
760.2 1257     
760.3 1256     
760.4 1255     
760.5 1254     
760.6 1253     
760.7 1253     
760.8 1252     
760.9 1251     
761   1250     
761.1 1250     
761.2 1249     
761.3 1248     
761.4 1247     
761.5 1247     
761.6 1246     
761.7 1245     
761.8 1244     
761.9 1244     
762   1243     
762.1 1242     
762.2 1242     
762.3 1241     
762.4 1240     
762.5 1240     
762.6 1239     
762.7 1239     
762.8 1238     
762.9 1238     
763   1237     
763.1 1236     
763.2 1236     
763.3 1235     
763.4 1235     
763.5 1234     
763.6 1234     
763.7 1233     
763.8 1233     
763.9 1233     
764   1232     
764.1 1232     
764.2 1232     
764.3 1232     
764.4 1231     
764.5 1231     
764.6 1231     
764.7 1231     
764.8 1230     
764.9 1229     
765   1229     
765.1 1227     
765.2 1226     
765.3 1225     
765.4 1224     
765.5 1223     
765.6 1222     
765.7 1221     
765.8 1220     
765.9 1219     
766   1219     
766.1 1218     
766.2 1218     
766.3 1218     
766.4 1218     
766.5 1218     
766.6 1218     
766.7 1218     
766.8 1218     
766.9 1218     
767   1218     
767.1 1218     
767.2 1219     
767.3 1219     
767.4 1219     
767.5 1220     
767.6 1220     
767.7 1220     
767.8 1221     
767.9 1221     
768   1222     
768.1 1223     
768.2 1223     
768.3 1224     
768.4 1224     
768.5 1225     
768.6 1226     
768.7 1226     
768.8 1227     
768.9 1227     
769   1228     
769.1 1228     
769.2 1229     
769.3 1229     
769.4 1230     
769.5 1230     
769.6 1231     
769.7 1231     
769.8 1231     
769.9 1231     
770   1232     
770.1 1232     
770.2 1232     
770.3 1232     
770.4 1232     
770.5 1232     
770.6 1232     
770.7 1232     
770.8 1231     
770.9 1230     
771   1229     
771.1 1228     
771.2 1227     
771.3 1226     
771.4 1226     
771.5 1226     
771.6 1225     
771.7 1225     
771.8 1224     
771.9 1224     
772   1223     
772.1 1222     
772.2 1222     
772.3 1221     
772.4 1220     
772.5 1219     
772.6 1219     
772.7 1218     
772.8 1217     
772.9 1217     
773   1216     
773.1 1215     
773.2 1215     
773.3 1214     
773.4 1213     
773.5 1212     
773.6 1212     
773.7 1211     
773.8 1210     
773.9 1209     
774   1209     
774.1 1208     
774.2 1208     
774.3 1207     
774.4 1207     
774.5 1206     
774.6 1206     
774.7 1205     
774.8 1205     
774.9 1204     
775   1204     
775.1 1204     
775.2 1203     
775.3 1203     
775.4 1203     
775.5 1203     
775.6 1203     
775.7 1202     
775.8 1202     
775.9 1202     
776   1201     
776.1 1201     
776.2 1201     
776.3 1202     
776.4 1202     
776.5 1203     
776.6 1203     
776.7 1204     
776.8 1204     
776.9 1205     
777   1205     
777.1 1205     
777.2 1206     
777.3 1205     
777.4 1205     
777.5 1205     
777.6 1204     
777.7 1204     
777.8 1204     
777.9 1203     
778   1203     
778.1 1202     
778.2 1202     
778.3 1201     
778.4 1200     
778.5 1199     
778.6 1198     
778.7 1197     
778.8 1196     
778.9 1196     
779   1195     
779.1 1194     
779.2 1194     
779.3 1193     
779.4 1193     
779.5 1192     
779.6 1192     
779.7 1192     
779.8 1191     
779.9 1191     
780   1190     
780.1 1190     
780.2 1190     
780.3 1190     
780.4 1189     
780.5 1189     
780.6 1189     
780.7 1189     
780.8 1189     
780.9 1188     
781   1188     
781.1 1188     
781.2 1188     
781.3 1187     
781.4 1187     
781.5 1187     
781.6 1186     
781.7 1186     
781.8 1185     
781.9 1184     
782   1183     
782.1 1182     
782.2 1181     
782.3 1180     
782.4 1179     
782.5 1179     
782.6 1178     
782.7 1178     
782.8 1178     
782.9 1177     
783   1177     
783.1 1177     
783.2 1177     
783.3 1177     
783.4 1177     
783.5 1177     
783.6 1176     
783.7 1176     
783.8 1176     
783.9 1175     
784   1175     
784.1 1175     
784.2 1174     
784.3 1174     
784.4 1174     
784.5 1173     
784.6 1173     
784.7 1173     
784.8 1172     
784.9 1172     
785   1172     
785.1 1171     
785.2 1171     
785.3 1171     
785.4 1170     
785.5 1170     
785.6 1170     
785.7 1169     
785.8 1169     
785.9 1169     
786   1168     
786.1 1168     
786.2 1168     
786.3 1167     
786.4 1167     
786.5 1167     
786.6 1166     
786.7 1166     
786.8 1166     
786.9 1165     
787   1165     
787.1 1165     
787.2 1164     
787.3 1164     
787.4 1163     
787.5 1163     
787.6 1163     
787.7 1162     
787.8 1162     
787.9 1161     
788   1161     
788.1 1161     
788.2 1160     
788.3 1160     
788.4 1159     
788.5 1159     
788.6 1158     
788.7 1158     
788.8 1157     
788.9 1157     
789   1156     
789.1 1156     
789.2 1155     
789.3 1155     
789.4 1154     
789.5 1153     
789.6 1153     
789.7 1152     
789.8 1152     
789.9 1151     
790   1150     
790.1 1150     
790.2 1149     
790.3 1148     
790.4 1148     
790.5 1147     
790.6 1146     
790.7 1145     
790.8 1145     
790.9 1144     
791   1143     
791.1 1142     
791.2 1141     
791.3 1141     
791.4 1140     
791.5 1139     
791.6 1138     
791.7 1137     
791.8 1136     
791.9 1136     
792   1135     
792.1 1134     
792.2 1133     
792.3 1132     
792.4 1131     
792.5 1130     
792.6 1129     
792.7 1128     
792.8 1128     
792.9 1127     
793   1126     
793.1 1125     
793.2 1124     
793.3 1123     
793.4 1122     
793.5 1121     
793.6 1120     
793.7 1120     
793.8 1119     
793.9 1118     
794   1117     
794.1 1116     
794.2 1114     
794.3 1113     
794.4 1112     
794.5 1111     
794.6 1110     
794.7 1110     
794.8 1109     
794.9 1108     
795   1108     
795.1 1107     
795.2 1107     
795.3 1106     
795.4 1105     
795.5 1105     
795.6 1104     
795.7 1104     
795.8 1103     
795.9 1103     
796   1102     
796.1 1102     
796.2 1101     
796.3 1101     
796.4 1100     
796.5 1099     
796.6 1099     
796.7 1098     
796.8 1098     
796.9 1097     
797   1097     
797.1 1096     
797.2 1096     
797.3 1095     
797.4 1095     
797.5 1094     
797.6 1094     
797.7 1093     
797.8 1093     
797.9 1092     
798   1092     
798.1 1091     
798.2 1091     
798.3 1090     
798.4 1090     
798.5 1089     
798.6 1089     
798.7 1089     
798.8 1088     
798.9 1088     
799   1087     
799.1 1087     
799.2 1087     
799.3 1086     
799.4 1086     
799.5 1086     
799.6 1085     
799.7 1085     
799.8 1084     
799.9 1084     
800   1084     
800.1 1083     
800.2 1083     
800.3 1083     
800.4 1082     
800.5 1082     
800.6 1081     
800.7 1081     
800.8 1081     
800.9 1080     
801   1080     
801.1 1080     
801.2 1079     
801.3 1079     
801.4 1078     
801.5 1078     
801.6 1078     
801.7 1077     
801.8 1077     
801.9 1076     
802   1076     
802.1 1075     
802.2 1075     
802.3 1075     
802.4 1075     
802.5 1075     
802.6 1075     
802.7 1074     
802.8 1074     
802.9 1073     
803   1072     
803.1 1072     
803.2 1071     
803.3 1070     
803.4 1069     
803.5 1068     
803.6 1068     
803.7 1067     
803.8 1066     
803.9 1065     
804   1064     
804.1 1063     
804.2 1063     
804.3 1062     
804.4 1061     
804.5 1060     
804.6 1059     
804.7 1058     
804.8 1057     
804.9 1056     
805   1055     
805.1 1054     
805.2 1053     
805.3 1052     
805.4 1051     
805.5 1050     
805.6 1049     
805.7 1048     
805.8 1047     
805.9 1046     
806   1044     
806.1 1043     
806.2 1042     
806.3 1041     
806.4 1040     
806.5 1039     
806.6 1037     
806.7 1036     
806.8 1035     
806.9 1034     
807   1034     
807.1 1033     
807.2 1033     
807.3 1033     
807.4 1033     
807.5 1032     
807.6 1031     
807.7 1031     
807.8 1030     
807.9 1029     
808   1028     
808.1 1028     
808.2 1027     
808.3 1027     
808.4 1026     
808.5 1025     
808.6 1025     
808.7 1024     
808.8 1023     
808.9 1022     
809   1022     
809.1 1021     
809.2 1020     
809.3 1019     
809.4 1019     
809.5 1018     
809.6 1017     
809.7 1017     
809.8 1016     
809.9 1015     
810   1015     
810.1 1014     
810.2 1013     
810.3 1013     
810.4 1012     
810.5 1012     
810.6 1011     
810.7 1011     
810.8 1010     
810.9 1010     
811   1009     
811.1 1009     
811.2 1008     
811.3 1008     
811.4 1007     
811.5 1007     
811.6 1006     
811.7 1006     
811.8 1005     
811.9 1005     
812   1005     
812.1 1004     
812.2 1004     
812.3 1003     
812.4 1003     
812.5 1003     
812.6 1002     
812.7 1002     
812.8 1002     
812.9 1001     
813   1001     
813.1 1001     
813.2 1000     
813.3 1000     
813.4 1000     
813.5 1000     
813.6 999      
813.7 999      
813.8 999      
813.9 999      
814   998      
814.1 998      
814.2 998      
814.3 998      
814.4 997      
814.5 997      
814.6 997      
814.7 996      
814.8 996      
814.9 996      
815   996      
815.1 995      
815.2 995      
815.3 995      
815.4 994      
815.5 994      
815.6 994      
815.7 993      
815.8 993      
815.9 993      
816   993      
816.1 992      
816.2 992      
816.3 992      
816.4 991      
816.5 991      
816.6 991      
