
X_km  Z_floor  
655.2 1778     
655.3 1779     
655.4 1780     
655.5 1781     
655.6 1782     
655.7 1782     
655.8 1783     
655.9 1784     
656   1786     
656.1 1786     
656.2 1787     
656.3 1788     
656.4 1789     
656.5 1790     
656.6 1791     
656.7 1792     
656.8 1793     
656.9 1794     
657   1795     
657.1 1796     
657.2 1797     
657.3 1797     
657.4 1798     
657.5 1799     
657.6 1800     
657.7 1802     
657.8 1803     
657.9 1804     
658   1805     
658.1 1806     
658.2 1808     
658.3 1809     
658.4 1811     
658.5 1812     
658.6 1812     
658.7 1811     
658.8 1810     
658.9 1809     
659   1808     
659.1 1808     
659.2 1808     
659.3 1809     
659.4 1810     
659.5 1812     
659.6 1813     
659.7 1814     
659.8 1815     
659.9 1816     
660   1816     
660.1 1816     
660.2 1816     
660.3 1815     
660.4 1815     
660.5 1814     
660.6 1813     
660.7 1811     
660.8 1809     
660.9 1808     
661   1807     
661.1 1806     
661.2 1806     
661.3 1806     
661.4 1807     
661.5 1807     
661.6 1808     
661.7 1807     
661.8 1807     
661.9 1807     
662   1807     
662.1 1807     
662.2 1806     
662.3 1804     
662.4 1802     
662.5 1801     
662.6 1802     
662.7 1806     
662.8 1810     
662.9 1814     
663   1815     
663.1 1813     
663.2 1808     
663.3 1801     
663.4 1796     
663.5 1793     
663.6 1791     
663.7 1791     
663.8 1791     
663.9 1791     
664   1791     
664.1 1791     
664.2 1792     
664.3 1792     
664.4 1793     
664.5 1793     
664.6 1793     
664.7 1793     
664.8 1794     
664.9 1794     
665   1793     
665.1 1792     
665.2 1792     
665.3 1791     
665.4 1791     
665.5 1791     
665.6 1791     
665.7 1790     
665.8 1790     
665.9 1789     
666   1789     
666.1 1789     
666.2 1789     
666.3 1789     
666.4 1790     
666.5 1790     
666.6 1790     
666.7 1791     
666.8 1791     
666.9 1793     
667   1794     
667.1 1796     
667.2 1797     
667.3 1798     
667.4 1798     
667.5 1799     
667.6 1799     
667.7 1800     
667.8 1800     
667.9 1799     
668   1798     
668.1 1796     
668.2 1795     
668.3 1793     
668.4 1793     
668.5 1793     
668.6 1794     
668.7 1795     
668.8 1797     
668.9 1798     
669   1799     
669.1 1800     
669.2 1801     
669.3 1802     
669.4 1804     
669.5 1806     
669.6 1807     
669.7 1808     
669.8 1808     
669.9 1808     
670   1808     
670.1 1808     
670.2 1808     
670.3 1808     
670.4 1808     
670.5 1808     
670.6 1808     
670.7 1808     
670.8 1809     
670.9 1809     
671   1809     
671.1 1809     
671.2 1809     
671.3 1810     
671.4 1811     
671.5 1813     
671.6 1814     
671.7 1817     
671.8 1819     
671.9 1821     
672   1824     
672.1 1826     
672.2 1827     
672.3 1827     
672.4 1827     
672.5 1827     
672.6 1827     
672.7 1827     
672.8 1827     
672.9 1826     
673   1825     
673.1 1825     
673.2 1824     
673.3 1825     
673.4 1825     
673.5 1825     
673.6 1825     
673.7 1825     
673.8 1825     
673.9 1826     
674   1827     
674.1 1828     
674.2 1828     
674.3 1828     
674.4 1828     
674.5 1828     
674.6 1827     
674.7 1826     
674.8 1826     
674.9 1826     
675   1826     
675.1 1827     
675.2 1828     
675.3 1829     
675.4 1829     
675.5 1829     
675.6 1829     
675.7 1828     
675.8 1826     
675.9 1822     
676   1821     
676.1 1821     
676.2 1823     
676.3 1827     
676.4 1831     
676.5 1834     
676.6 1836     
676.7 1838     
676.8 1839     
676.9 1841     
677   1842     
677.1 1843     
677.2 1843     
677.3 1843     
677.4 1843     
677.5 1843     
677.6 1844     
677.7 1844     
677.8 1845     
677.9 1846     
678   1847     
678.1 1848     
678.2 1849     
678.3 1850     
678.4 1851     
678.5 1851     
678.6 1852     
678.7 1851     
678.8 1851     
678.9 1851     
679   1851     
679.1 1851     
679.2 1852     
679.3 1853     
679.4 1854     
679.5 1855     
679.6 1855     
679.7 1854     
679.8 1854     
679.9 1853     
680   1853     
680.1 1852     
680.2 1851     
680.3 1850     
680.4 1850     
680.5 1849     
680.6 1849     
680.7 1849     
680.8 1849     
680.9 1849     
681   1849     
681.1 1849     
681.2 1849     
681.3 1848     
681.4 1848     
681.5 1847     
681.6 1847     
681.7 1848     
681.8 1849     
681.9 1851     
682   1853     
682.1 1856     
682.2 1858     
682.3 1860     
682.4 1861     
682.5 1862     
682.6 1863     
682.7 1865     
682.8 1868     
682.9 1872     
683   1875     
683.1 1878     
683.2 1881     
683.3 1882     
683.4 1883     
683.5 1883     
683.6 1882     
683.7 1882     
683.8 1882     
683.9 1882     
684   1882     
684.1 1883     
684.2 1884     
684.3 1885     
684.4 1887     
684.5 1889     
684.6 1891     
684.7 1894     
684.8 1898     
684.9 1901     
685   1905     
685.1 1909     
685.2 1913     
685.3 1916     
685.4 1919     
685.5 1921     
685.6 1922     
685.7 1924     
685.8 1925     
685.9 1926     
686   1927     
686.1 1928     
686.2 1929     
686.3 1929     
686.4 1929     
686.5 1929     
686.6 1928     
686.7 1926     
686.8 1925     
686.9 1924     
687   1924     
687.1 1925     
687.2 1927     
687.3 1928     
687.4 1929     
687.5 1930     
687.6 1930     
687.7 1929     
687.8 1928     
687.9 1927     
688   1926     
688.1 1925     
688.2 1924     
688.3 1923     
688.4 1922     
688.5 1921     
688.6 1922     
688.7 1922     
688.8 1923     
688.9 1924     
689   1925     
689.1 1925     
689.2 1926     
689.3 1928     
689.4 1929     
689.5 1931     
689.6 1931     
689.7 1931     
689.8 1930     
689.9 1928     
690   1926     
690.1 1925     
690.2 1924     
690.3 1923     
690.4 1923     
690.5 1923     
690.6 1923     
690.7 1924     
690.8 1924     
690.9 1925     
691   1925     
691.1 1925     
691.2 1925     
691.3 1925     
691.4 1924     
691.5 1923     
691.6 1923     
691.7 1922     
691.8 1921     
691.9 1920     
692   1918     
692.1 1915     
692.2 1913     
692.3 1910     
692.4 1909     
692.5 1908     
692.6 1906     
692.7 1905     
692.8 1903     
692.9 1901     
693   1898     
693.1 1895     
693.2 1893     
693.3 1892     
693.4 1892     
693.5 1892     
693.6 1893     
693.7 1892     
693.8 1892     
693.9 1892     
694   1893     
694.1 1895     
694.2 1897     
694.3 1900     
694.4 1902     
694.5 1904     
694.6 1905     
694.7 1904     
694.8 1904     
694.9 1903     
695   1903     
695.1 1903     
695.2 1904     
695.3 1905     
695.4 1905     
695.5 1906     
695.6 1906     
695.7 1906     
695.8 1906     
695.9 1906     
696   1906     
696.1 1906     
696.2 1906     
696.3 1906     
696.4 1906     
696.5 1906     
696.6 1905     
696.7 1905     
696.8 1905     
696.9 1905     
697   1905     
697.1 1905     
697.2 1904     
697.3 1903     
697.4 1901     
697.5 1899     
697.6 1897     
697.7 1895     
697.8 1893     
697.9 1891     
698   1890     
698.1 1888     
698.2 1887     
698.3 1886     
698.4 1886     
698.5 1885     
698.6 1885     
698.7 1884     
698.8 1883     
698.9 1882     
699   1882     
699.1 1882     
699.2 1882     
699.3 1882     
699.4 1882     
699.5 1882     
699.6 1882     
699.7 1883     
699.8 1884     
699.9 1884     
700   1885     
700.1 1885     
700.2 1886     
700.3 1886     
700.4 1887     
700.5 1888     
700.6 1889     
700.7 1890     
700.8 1891     
700.9 1893     
701   1894     
701.1 1896     
701.2 1898     
701.3 1899     
701.4 1901     
701.5 1902     
701.6 1904     
701.7 1905     
701.8 1906     
701.9 1907     
702   1907     
702.1 1907     
702.2 1906     
702.3 1905     
702.4 1905     
702.5 1904     
702.6 1904     
702.7 1904     
702.8 1904     
702.9 1905     
703   1905     
703.1 1906     
703.2 1908     
703.3 1909     
703.4 1911     
703.5 1912     
703.6 1914     
703.7 1915     
703.8 1917     
703.9 1917     
704   1918     
704.1 1917     
704.2 1917     
704.3 1917     
704.4 1917     
704.5 1917     
704.6 1916     
704.7 1916     
704.8 1916     
704.9 1915     
705   1913     
705.1 1911     
705.2 1909     
705.3 1908     
705.4 1906     
705.5 1905     
705.6 1905     
705.7 1904     
705.8 1903     
705.9 1902     
706   1900     
706.1 1897     
706.2 1895     
706.3 1892     
706.4 1890     
706.5 1887     
706.6 1885     
706.7 1883     
706.8 1881     
706.9 1879     
707   1877     
707.1 1874     
707.2 1872     
707.3 1871     
707.4 1869     
707.5 1868     
707.6 1868     
707.7 1867     
707.8 1866     
707.9 1865     
708   1864     
708.1 1863     
708.2 1862     
708.3 1861     
708.4 1861     
708.5 1861     
708.6 1861     
708.7 1861     
708.8 1861     
708.9 1861     
709   1860     
709.1 1859     
709.2 1859     
709.3 1858     
709.4 1858     
709.5 1859     
709.6 1860     
709.7 1861     
709.8 1863     
709.9 1864     
710   1866     
710.1 1867     
710.2 1868     
710.3 1869     
710.4 1869     
710.5 1869     
710.6 1868     
710.7 1866     
710.8 1863     
710.9 1860     
711   1857     
711.1 1853     
711.2 1851     
711.3 1849     
711.4 1847     
711.5 1847     
711.6 1847     
711.7 1847     
711.8 1847     
711.9 1848     
712   1849     
712.1 1849     
712.2 1850     
712.3 1849     
712.4 1848     
712.5 1846     
712.6 1843     
712.7 1839     
712.8 1836     
712.9 1833     
713   1830     
713.1 1828     
713.2 1828     
713.3 1829     
713.4 1831     
713.5 1833     
713.6 1836     
713.7 1838     
713.8 1840     
713.9 1841     
714   1841     
714.1 1841     
714.2 1841     
714.3 1842     
714.4 1842     
714.5 1842     
714.6 1842     
714.7 1842     
714.8 1842     
714.9 1841     
715   1840     
715.1 1840     
715.2 1840     
715.3 1839     
715.4 1839     
715.5 1839     
715.6 1839     
715.7 1840     
715.8 1840     
715.9 1840     
716   1840     
716.1 1840     
716.2 1839     
716.3 1837     
716.4 1836     
716.5 1834     
716.6 1832     
716.7 1830     
716.8 1829     
716.9 1827     
717   1826     
717.1 1825     
717.2 1824     
717.3 1823     
717.4 1822     
717.5 1821     
717.6 1820     
717.7 1819     
717.8 1819     
717.9 1819     
718   1820     
718.1 1822     
718.2 1824     
718.3 1828     
718.4 1831     
718.5 1835     
718.6 1838     
718.7 1841     
718.8 1843     
718.9 1845     
719   1845     
719.1 1845     
719.2 1844     
719.3 1842     
719.4 1840     
719.5 1838     
719.6 1836     
719.7 1835     
719.8 1835     
719.9 1835     
720   1836     
720.1 1838     
720.2 1839     
720.3 1840     
720.4 1841     
720.5 1842     
720.6 1842     
720.7 1841     
720.8 1841     
720.9 1840     
721   1840     
721.1 1840     
721.2 1841     
721.3 1842     
721.4 1843     
721.5 1844     
721.6 1845     
721.7 1846     
721.8 1846     
721.9 1846     
722   1846     
722.1 1847     
722.2 1847     
722.3 1848     
722.4 1850     
722.5 1851     
722.6 1853     
722.7 1855     
722.8 1856     
722.9 1858     
723   1859     
723.1 1861     
723.2 1861     
723.3 1862     
723.4 1861     
723.5 1861     
723.6 1860     
723.7 1859     
723.8 1858     
723.9 1857     
724   1857     
724.1 1856     
724.2 1856     
724.3 1855     
724.4 1854     
724.5 1853     
724.6 1851     
724.7 1850     
724.8 1848     
724.9 1846     
725   1844     
725.1 1842     
725.2 1840     
725.3 1840     
725.4 1839     
725.5 1840     
725.6 1840     
725.7 1840     
725.8 1840     
725.9 1839     
726   1839     
726.1 1839     
726.2 1839     
726.3 1841     
726.4 1842     
726.5 1843     
726.6 1844     
726.7 1844     
726.8 1845     
726.9 1846     
727   1847     
727.1 1848     
727.2 1850     
727.3 1851     
727.4 1853     
727.5 1854     
727.6 1855     
727.7 1856     
727.8 1856     
727.9 1856     
728   1856     
728.1 1855     
728.2 1854     
728.3 1853     
728.4 1851     
728.5 1850     
728.6 1848     
728.7 1847     
728.8 1847     
728.9 1847     
729   1848     
729.1 1850     
729.2 1851     
729.3 1852     
729.4 1853     
729.5 1852     
729.6 1851     
729.7 1849     
729.8 1847     
729.9 1845     
730   1845     
730.1 1844     
730.2 1844     
730.3 1844     
730.4 1843     
730.5 1842     
730.6 1840     
730.7 1839     
730.8 1837     
730.9 1834     
731   1832     
731.1 1829     
731.2 1827     
731.3 1826     
731.4 1826     
731.5 1825     
731.6 1823     
731.7 1821     
731.8 1820     
731.9 1820     
732   1819     
732.1 1819     
732.2 1818     
732.3 1818     
732.4 1817     
732.5 1817     
732.6 1817     
732.7 1817     
732.8 1817     
732.9 1817     
733   1817     
733.1 1817     
733.2 1817     
733.3 1817     
733.4 1817     
733.5 1817     
733.6 1817     
733.7 1817     
733.8 1817     
733.9 1817     
734   1816     
734.1 1816     
734.2 1816     
734.3 1815     
734.4 1815     
734.5 1815     
734.6 1815     
734.7 1815     
734.8 1815     
734.9 1815     
735   1815     
735.1 1815     
735.2 1814     
735.3 1814     
735.4 1814     
735.5 1813     
735.6 1812     
735.7 1810     
735.8 1807     
735.9 1803     
736   1799     
736.1 1796     
736.2 1793     
736.3 1790     
736.4 1788     
736.5 1787     
736.6 1785     
736.7 1784     
736.8 1783     
736.9 1782     
737   1782     
737.1 1782     
737.2 1783     
737.3 1784     
737.4 1785     
737.5 1785     
737.6 1785     
737.7 1784     
737.8 1782     
737.9 1781     
738   1779     
738.1 1778     
738.2 1777     
738.3 1775     
738.4 1774     
738.5 1773     
738.6 1771     
738.7 1770     
738.8 1769     
738.9 1767     
739   1766     
739.1 1765     
739.2 1763     
739.3 1761     
739.4 1760     
739.5 1759     
739.6 1758     
739.7 1757     
739.8 1756     
739.9 1754     
740   1753     
740.1 1751     
740.2 1750     
740.3 1748     
740.4 1747     
740.5 1745     
740.6 1744     
740.7 1743     
740.8 1742     
740.9 1741     
741   1741     
741.1 1741     
741.2 1740     
741.3 1741     
741.4 1741     
741.5 1742     
741.6 1744     
741.7 1745     
741.8 1746     
741.9 1747     
742   1747     
742.1 1747     
742.2 1747     
742.3 1747     
742.4 1747     
742.5 1746     
742.6 1746     
742.7 1746     
742.8 1747     
742.9 1749     
743   1751     
743.1 1753     
743.2 1756     
743.3 1758     
743.4 1760     
743.5 1762     
743.6 1764     
743.7 1766     
743.8 1768     
743.9 1770     
744   1772     
744.1 1773     
744.2 1775     
744.3 1777     
744.4 1778     
744.5 1780     
744.6 1781     
744.7 1783     
744.8 1784     
744.9 1785     
745   1787     
745.1 1788     
745.2 1789     
745.3 1790     
745.4 1792     
745.5 1793     
745.6 1794     
745.7 1796     
745.8 1797     
745.9 1798     
746   1800     
746.1 1801     
746.2 1802     
746.3 1803     
746.4 1804     
746.5 1806     
746.6 1807     
746.7 1809     
746.8 1810     
746.9 1812     
747   1815     
747.1 1817     
747.2 1819     
747.3 1820     
747.4 1821     
747.5 1822     
747.6 1823     
747.7 1823     
747.8 1825     
747.9 1826     
748   1828     
748.1 1830     
748.2 1831     
748.3 1832     
748.4 1833     
748.5 1834     
748.6 1835     
748.7 1836     
748.8 1838     
748.9 1839     
749   1841     
749.1 1842     
749.2 1844     
749.3 1845     
749.4 1846     
749.5 1846     
749.6 1847     
749.7 1847     
749.8 1847     
749.9 1847     
750   1846     
750.1 1846     
750.2 1845     
750.3 1844     
750.4 1843     
750.5 1843     
750.6 1842     
750.7 1841     
750.8 1840     
750.9 1839     
751   1839     
751.1 1838     
751.2 1837     
751.3 1836     
751.4 1836     
751.5 1835     
751.6 1834     
751.7 1832     
751.8 1831     
751.9 1830     
752   1828     
752.1 1826     
752.2 1825     
752.3 1823     
752.4 1822     
752.5 1820     
752.6 1819     
752.7 1819     
752.8 1817     
752.9 1816     
753   1814     
753.1 1813     
753.2 1812     
753.3 1811     
753.4 1811     
753.5 1811     
753.6 1811     
753.7 1812     
753.8 1813     
753.9 1813     
754   1813     
754.1 1813     
754.2 1812     
754.3 1811     
754.4 1811     
754.5 1810     
754.6 1810     
754.7 1809     
754.8 1809     
754.9 1809     
755   1809     
755.1 1810     
755.2 1810     
755.3 1810     
755.4 1810     
755.5 1811     
755.6 1811     
755.7 1811     
755.8 1811     
755.9 1811     
756   1811     
756.1 1811     
756.2 1811     
756.3 1812     
756.4 1812     
756.5 1813     
756.6 1813     
756.7 1814     
756.8 1814     
756.9 1815     
757   1815     
757.1 1815     
757.2 1815     
757.3 1814     
757.4 1813     
757.5 1812     
757.6 1811     
757.7 1810     
757.8 1809     
757.9 1808     
758   1807     
758.1 1807     
758.2 1806     
758.3 1806     
758.4 1805     
758.5 1804     
758.6 1803     
758.7 1802     
758.8 1801     
758.9 1800     
759   1800     
759.1 1800     
759.2 1801     
759.3 1802     
759.4 1802     
759.5 1803     
759.6 1804     
759.7 1805     
759.8 1805     
759.9 1805     
760   1805     
760.1 1804     
760.2 1804     
760.3 1802     
760.4 1801     
760.5 1800     
760.6 1799     
760.7 1799     
760.8 1799     
760.9 1799     
761   1799     
761.1 1799     
761.2 1799     
761.3 1799     
761.4 1799     
761.5 1799     
761.6 1800     
761.7 1800     
761.8 1800     
761.9 1799     
762   1799     
762.1 1798     
762.2 1796     
762.3 1795     
762.4 1794     
762.5 1792     
762.6 1791     
762.7 1790     
762.8 1790     
762.9 1790     
763   1790     
763.1 1790     
763.2 1790     
763.3 1791     
763.4 1791     
763.5 1791     
763.6 1792     
763.7 1791     
763.8 1791     
763.9 1791     
764   1790     
764.1 1789     
764.2 1788     
764.3 1787     
764.4 1785     
764.5 1783     
764.6 1781     
764.7 1779     
764.8 1777     
764.9 1775     
765   1772     
765.1 1770     
765.2 1768     
765.3 1765     
765.4 1763     
765.5 1761     
765.6 1759     
765.7 1757     
765.8 1756     
765.9 1754     
766   1753     
766.1 1751     
766.2 1749     
766.3 1748     
766.4 1746     
766.5 1745     
766.6 1749     
766.7 1748     
766.8 1748     
766.9 1747     
767   1747     
767.1 1746     
767.2 1746     
767.3 1745     
767.4 1745     
767.5 1745     
767.6 1744     
767.7 1744     
767.8 1745     
767.9 1745     
768   1745     
768.1 1745     
768.2 1745     
768.3 1745     
768.4 1746     
768.5 1746     
768.6 1746     
768.7 1746     
768.8 1746     
768.9 1746     
769   1746     
769.1 1746     
769.2 1746     
769.3 1746     
769.4 1745     
769.5 1745     
769.6 1745     
769.7 1745     
769.8 1745     
769.9 1745     
770   1745     
770.1 1745     
770.2 1745     
770.3 1745     
770.4 1745     
770.5 1745     
770.6 1745     
770.7 1744     
770.8 1744     
770.9 1744     
771   1744     
771.1 1743     
771.2 1743     
771.3 1743     
771.4 1742     
771.5 1742     
771.6 1742     
771.7 1741     
771.8 1741     
771.9 1740     
772   1740     
772.1 1739     
772.2 1738     
772.3 1738     
772.4 1737     
772.5 1736     
772.6 1735     
772.7 1735     
772.8 1734     
772.9 1733     
773   1732     
773.1 1732     
773.2 1731     
773.3 1730     
773.4 1730     
773.5 1729     
773.6 1729     
773.7 1728     
773.8 1728     
773.9 1728     
774   1727     
774.1 1727     
774.2 1727     
774.3 1727     
774.4 1727     
774.5 1727     
774.6 1727     
774.7 1727     
774.8 1727     
774.9 1727     
775   1728     
775.1 1728     
775.2 1728     
775.3 1728     
775.4 1728     
775.5 1728     
775.6 1727     
775.7 1727     
775.8 1727     
775.9 1727     
776   1727     
776.1 1727     
776.2 1727     
776.3 1727     
776.4 1727     
776.5 1727     
776.6 1726     
776.7 1726     
776.8 1726     
776.9 1727     
777   1727     
777.1 1727     
777.2 1727     
777.3 1727     
777.4 1728     
777.5 1728     
777.6 1729     
777.7 1729     
777.8 1729     
777.9 1730     
778   1730     
778.1 1730     
778.2 1730     
778.3 1730     
778.4 1730     
778.5 1730     
778.6 1729     
778.7 1729     
778.8 1728     
778.9 1728     
779   1727     
779.1 1726     
779.2 1725     
779.3 1724     
779.4 1723     
779.5 1722     
779.6 1721     
779.7 1720     
779.8 1719     
779.9 1718     
780   1717     
780.1 1716     
780.2 1715     
780.3 1714     
780.4 1713     
780.5 1713     
780.6 1712     
780.7 1712     
780.8 1712     
780.9 1711     
781   1711     
781.1 1711     
781.2 1711     
781.3 1711     
781.4 1711     
781.5 1711     
781.6 1711     
781.7 1711     
781.8 1711     
781.9 1712     
782   1712     
782.1 1712     
782.2 1712     
782.3 1712     
782.4 1712     
782.5 1712     
782.6 1712     
782.7 1713     
782.8 1713     
782.9 1713     
783   1713     
783.1 1714     
783.2 1714     
783.3 1714     
783.4 1715     
783.5 1715     
783.6 1715     
783.7 1716     
783.8 1716     
783.9 1717     
784   1717     
784.1 1717     
784.2 1717     
784.3 1718     
784.4 1718     
784.5 1718     
784.6 1718     
784.7 1718     
784.8 1718     
784.9 1718     
785   1718     
785.1 1718     
785.2 1718     
785.3 1718     
785.4 1718     
785.5 1718     
785.6 1718     
785.7 1718     
785.8 1718     
785.9 1718     
786   1718     
786.1 1718     
786.2 1718     
786.3 1718     
786.4 1718     
786.5 1717     
786.6 1717     
786.7 1717     
786.8 1717     
786.9 1717     
787   1717     
787.1 1717     
787.2 1717     
787.3 1717     
787.4 1717     
787.5 1717     
787.6 1717     
787.7 1717     
787.8 1717     
787.9 1717     
788   1717     
788.1 1716     
788.2 1716     
788.3 1716     
788.4 1716     
788.5 1715     
788.6 1715     
788.7 1715     
788.8 1714     
788.9 1714     
789   1714     
789.1 1713     
789.2 1713     
789.3 1713     
789.4 1712     
789.5 1712     
789.6 1712     
789.7 1711     
789.8 1711     
789.9 1711     
790   1711     
790.1 1711     
790.2 1711     
790.3 1711     
790.4 1711     
790.5 1711     
790.6 1711     
790.7 1712     
790.8 1712     
790.9 1712     
791   1712     
791.1 1712     
791.2 1712     
791.3 1712     
791.4 1712     
791.5 1712     
791.6 1712     
791.7 1712     
791.8 1712     
791.9 1712     
792   1713     
792.1 1713     
792.2 1713     
792.3 1713     
792.4 1713     
792.5 1713     
792.6 1713     
792.7 1713     
792.8 1713     
792.9 1713     
793   1713     
793.1 1712     
793.2 1712     
793.3 1712     
793.4 1711     
793.5 1710     
793.6 1710     
793.7 1709     
793.8 1708     
793.9 1707     
794   1706     
794.1 1705     
794.2 1704     
794.3 1703     
794.4 1701     
794.5 1700     
794.6 1698     
794.7 1697     
794.8 1695     
794.9 1693     
795   1692     
795.1 1690     
795.2 1688     
795.3 1686     
795.4 1685     
795.5 1683     
795.6 1682     
795.7 1680     
795.8 1679     
795.9 1678     
796   1677     
796.1 1675     
796.2 1674     
796.3 1674     
796.4 1673     
796.5 1672     
796.6 1672     
796.7 1671     
796.8 1671     
796.9 1671     
797   1671     
797.1 1670     
797.2 1670     
797.3 1670     
797.4 1670     
797.5 1670     
797.6 1670     
797.7 1670     
797.8 1670     
797.9 1670     
798   1670     
798.1 1669     
798.2 1669     
798.3 1668     
798.4 1668     
798.5 1667     
798.6 1667     
798.7 1666     
798.8 1665     
798.9 1665     
799   1664     
799.1 1663     
799.2 1662     
799.3 1661     
799.4 1660     
799.5 1659     
799.6 1658     
799.7 1656     
799.8 1655     
799.9 1653     
800   1651     
800.1 1649     
800.2 1647     
800.3 1645     
800.4 1643     
800.5 1640     
800.6 1637     
800.7 1635     
800.8 1632     
800.9 1629     
801   1626     
801.1 1623     
801.2 1615     
801.3 1610     
801.4 1605     
801.5 1600     
801.6 1595     
801.7 1590     
801.8 1586     
801.9 1582     
802   1579     
802.1 1576     
802.2 1573     
802.3 1571     
802.4 1569     
802.5 1568     
802.6 1567     
802.7 1567     
802.8 1566     
802.9 1565     
803   1565     
803.1 1565     
803.2 1565     
803.3 1564     
803.4 1563     
803.5 1563     
803.6 1563     
803.7 1563     
803.8 1563     
803.9 1563     
804   1563     
804.1 1563     
804.2 1563     
804.3 1564     
804.4 1565     
804.5 1565     
804.6 1565     
804.7 1566     
804.8 1566     
804.9 1567     
805   1567     
805.1 1566     
805.2 1565     
805.3 1565     
805.4 1565     
805.5 1565     
805.6 1564     
805.7 1564     
805.8 1563     
805.9 1563     
806   1563     
806.1 1562     
806.2 1562     
806.3 1562     
806.4 1562     
806.5 1562     
806.6 1562     
806.7 1562     
806.8 1562     
806.9 1562     
807   1561     
807.1 1561     
807.2 1561     
807.3 1560     
807.4 1560     
807.5 1558     
807.6 1556     
807.7 1553     
807.8 1550     
807.9 1547     
808   1544     
808.1 1541     
808.2 1539     
808.3 1537     
808.4 1535     
808.5 1534     
808.6 1532     
808.7 1531     
808.8 1530     
808.9 1529     
809   1528     
809.1 1528     
809.2 1528     
809.3 1528     
809.4 1527     
809.5 1527     
809.6 1527     
809.7 1527     
809.8 1527     
809.9 1526     
810   1525     
810.1 1525     
810.2 1524     
810.3 1524     
810.4 1524     
810.5 1524     
810.6 1524     
810.7 1524     
810.8 1524     
810.9 1524     
811   1524     
811.1 1524     
811.2 1524     
811.3 1524     
811.4 1524     
811.5 1524     
811.6 1525     
811.7 1526     
811.8 1527     
811.9 1529     
812   1531     
812.1 1533     
812.2 1536     
812.3 1539     
812.4 1541     
812.5 1543     
812.6 1545     
812.7 1546     
812.8 1547     
812.9 1547     
813   1547     
813.1 1546     
813.2 1546     
813.3 1545     
813.4 1544     
813.5 1543     
813.6 1543     
813.7 1542     
813.8 1542     
813.9 1542     
814   1541     
814.1 1541     
814.2 1540     
814.3 1540     
814.4 1539     
814.5 1539     
814.6 1538     
814.7 1538     
814.8 1537     
814.9 1536     
815   1536     
815.1 1535     
815.2 1534     
815.3 1533     
815.4 1532     
815.5 1531     
815.6 1531     
815.7 1530     
815.8 1529     
815.9 1528     
816   1528     
816.1 1527     
816.2 1527     
816.3 1526     
816.4 1526     
816.5 1525     
