
X_km  Z_floor  
629.8 2270     
629.9 2269     
630   2275     
630.1 2289     
630.2 2296     
630.3 2311     
630.4 2323     
630.5 2338     
630.6 2337     
630.7 2342     
630.8 2346     
630.9 2345     
631   2348     
631.1 2349     
631.2 2344     
631.3 2322     
631.4 2291     
631.5 2320     
631.6 2321     
631.7 2323     
631.8 2323     
631.9 2321     
632   2321     
632.1 2325     
632.2 2332     
632.3 2338     
632.4 2339     
632.5 2336     
632.6 2334     
632.7 2330     
632.8 2316     
632.9 2299     
633   2266     
633.1 2233     
633.2 2231     
633.3 2223     
633.4 2214     
633.5 2176     
633.6 2175     
633.7 2176     
633.8 2177     
633.9 2177     
634   2175     
634.1 2186     
634.2 2180     
634.3 2189     
634.4 2188     
634.5 2184     
634.6 2184     
634.7 2181     
634.8 2178     
634.9 2179     
635   2154     
635.1 2166     
635.2 2179     
635.3 2190     
635.4 2202     
635.5 2212     
635.6 2223     
635.7 2223     
635.8 2225     
635.9 2227     
636   2231     
636.1 2232     
636.2 2235     
636.3 2244     
636.4 2241     
636.5 2243     
636.6 2247     
636.7 2251     
636.8 2255     
636.9 2272     
637   2270     
637.1 2268     
637.2 2264     
637.3 2260     
637.4 2255     
637.5 2250     
637.6 2246     
637.7 2241     
637.8 2240     
637.9 2241     
638   2245     
638.1 2252     
638.2 2260     
638.3 2269     
638.4 2277     
638.5 2284     
638.6 2288     
638.7 2292     
638.8 2294     
638.9 2295     
639   2293     
639.1 2293     
639.2 2293     
639.3 2293     
639.4 2290     
639.5 2283     
639.6 2269     
639.7 2250     
639.8 2229     
639.9 2208     
640   2187     
640.1 2168     
640.2 2149     
640.3 2134     
640.4 2122     
640.5 2115     
640.6 2112     
640.7 2111     
640.8 2111     
640.9 2112     
641   2114     
641.1 2117     
641.2 2121     
641.3 2126     
641.4 2131     
641.5 2138     
641.6 2144     
641.7 2151     
641.8 2159     
641.9 2166     
642   2174     
642.1 2181     
642.2 2187     
642.3 2192     
642.4 2196     
642.5 2201     
642.6 2205     
642.7 2208     
642.8 2210     
642.9 2212     
643   2214     
643.1 2214     
643.2 2214     
643.3 2214     
643.4 2213     
643.5 2211     
643.6 2208     
643.7 2202     
643.8 2192     
643.9 2178     
644   2161     
644.1 2144     
644.2 2139     
644.3 2145     
644.4 2156     
644.5 2163     
644.6 2174     
644.7 2193     
644.8 2219     
644.9 2246     
645   2268     
645.1 2284     
645.2 2294     
645.3 2299     
645.4 2303     
645.5 2305     
645.6 2307     
645.7 2308     
645.8 2307     
645.9 2305     
646   2301     
646.1 2298     
646.2 2294     
646.3 2290     
646.4 2286     
646.5 2283     
646.6 2282     
646.7 2284     
646.8 2286     
646.9 2288     
647   2290     
647.1 2293     
647.2 2295     
647.3 2298     
647.4 2301     
647.5 2305     
647.6 2310     
647.7 2316     
647.8 2323     
647.9 2334     
648   2343     
648.1 2350     
648.2 2351     
648.3 2350     
648.4 2348     
648.5 2346     
648.6 2343     
648.7 2339     
648.8 2333     
648.9 2323     
649   2308     
649.1 2290     
649.2 2272     
649.3 2256     
649.4 2241     
649.5 2230     
649.6 2223     
649.7 2220     
649.8 2220     
649.9 2223     
650   2226     
650.1 2230     
650.2 2234     
650.3 2237     
650.4 2241     
650.5 2245     
650.6 2248     
650.7 2250     
650.8 2253     
650.9 2256     
651   2258     
651.1 2261     
651.2 2264     
651.3 2268     
651.4 2273     
651.5 2277     
651.6 2282     
651.7 2287     
651.8 2291     
651.9 2293     
652   2294     
652.1 2291     
652.2 2285     
652.3 2276     
652.4 2266     
652.5 2259     
652.6 2257     
652.7 2257     
652.8 2259     
652.9 2261     
653   2263     
653.1 2266     
653.2 2269     
653.3 2272     
653.4 2277     
653.5 2282     
653.6 2289     
653.7 2295     
653.8 2301     
653.9 2313     
654   2325     
654.1 2337     
654.2 2349     
654.3 2361     
654.4 2373     
654.5 2385     
654.6 2397     
654.7 2410     
654.8 2422     
654.9 2422     
655   2423     
655.1 2425     
655.2 2427     
655.3 2428     
655.4 2430     
655.5 2431     
655.6 2432     
655.7 2433     
655.8 2435     
655.9 2437     
656   2439     
656.1 2441     
656.2 2443     
656.3 2446     
656.4 2449     
656.5 2451     
656.6 2454     
656.7 2456     
656.8 2459     
656.9 2461     
657   2463     
657.1 2462     
657.2 2462     
657.3 2459     
657.4 2456     
657.5 2450     
657.6 2445     
657.7 2440     
657.8 2435     
657.9 2434     
658   2433     
658.1 2434     
658.2 2435     
658.3 2437     
658.4 2439     
658.5 2440     
658.6 2442     
658.7 2443     
658.8 2445     
658.9 2447     
659   2448     
659.1 2450     
659.2 2452     
659.3 2454     
659.4 2456     
659.5 2457     
659.6 2458     
659.7 2459     
659.8 2460     
659.9 2462     
660   2464     
660.1 2466     
660.2 2469     
660.3 2471     
660.4 2473     
660.5 2475     
660.6 2477     
660.7 2479     
660.8 2480     
660.9 2478     
661   2475     
661.1 2468     
661.2 2462     
661.3 2458     
661.4 2455     
661.5 2456     
661.6 2457     
661.7 2462     
661.8 2466     
661.9 2471     
662   2475     
662.1 2478     
662.2 2481     
662.3 2483     
662.4 2485     
662.5 2487     
662.6 2489     
662.7 2491     
662.8 2493     
662.9 2495     
663   2497     
663.1 2497     
663.2 2498     
663.3 2498     
663.4 2499     
663.5 2499     
663.6 2500     
663.7 2501     
663.8 2502     
663.9 2503     
664   2503     
664.1 2503     
664.2 2503     
664.3 2504     
664.4 2505     
664.5 2507     
664.6 2508     
664.7 2509     
664.8 2511     
664.9 2512     
665   2513     
665.1 2515     
665.2 2518     
665.3 2520     
665.4 2522     
665.5 2524     
665.6 2526     
665.7 2527     
665.8 2528     
665.9 2529     
666   2529     
666.1 2529     
666.2 2530     
666.3 2530     
666.4 2530     
666.5 2529     
666.6 2529     
666.7 2528     
666.8 2528     
666.9 2528     
667   2529     
667.1 2530     
667.2 2531     
667.3 2532     
667.4 2532     
667.5 2533     
667.6 2534     
667.7 2536     
667.8 2538     
667.9 2540     
668   2541     
668.1 2542     
668.2 2543     
668.3 2544     
668.4 2545     
668.5 2545     
668.6 2545     
668.7 2543     
668.8 2541     
668.9 2541     
669   2541     
669.1 2543     
669.2 2545     
669.3 2547     
669.4 2548     
669.5 2549     
669.6 2550     
669.7 2551     
669.8 2551     
669.9 2551     
670   2550     
670.1 2549     
670.2 2549     
670.3 2549     
670.4 2550     
670.5 2550     
670.6 2550     
670.7 2551     
670.8 2551     
670.9 2552     
671   2553     
671.1 2554     
671.2 2554     
671.3 2555     
671.4 2556     
671.5 2557     
671.6 2558     
671.7 2558     
671.8 2558     
671.9 2558     
672   2559     
672.1 2559     
672.2 2559     
672.3 2559     
672.4 2560     
672.5 2560     
672.6 2561     
672.7 2560     
672.8 2560     
672.9 2559     
673   2559     
673.1 2558     
673.2 2557     
673.3 2559     
673.4 2561     
673.5 2563     
673.6 2566     
673.7 2568     
673.8 2570     
673.9 2571     
674   2572     
674.1 2572     
674.2 2573     
674.3 2572     
674.4 2572     
674.5 2572     
674.6 2571     
674.7 2570     
674.8 2570     
674.9 2568     
675   2567     
675.1 2566     
675.2 2565     
675.3 2564     
675.4 2562     
675.5 2561     
675.6 2559     
675.7 2557     
675.8 2555     
675.9 2553     
676   2551     
676.1 2551     
676.2 2550     
676.3 2553     
676.4 2556     
676.5 2558     
676.6 2561     
676.7 2561     
676.8 2562     
676.9 2562     
677   2562     
677.1 2562     
677.2 2561     
677.3 2560     
677.4 2559     
677.5 2557     
677.6 2556     
677.7 2555     
677.8 2554     
677.9 2554     
678   2554     
678.1 2553     
678.2 2552     
678.3 2552     
678.4 2552     
678.5 2552     
678.6 2553     
678.7 2554     
678.8 2554     
678.9 2555     
679   2555     
679.1 2555     
679.2 2556     
679.3 2556     
679.4 2556     
679.5 2556     
679.6 2556     
679.7 2556     
679.8 2555     
679.9 2554     
680   2552     
680.1 2551     
680.2 2550     
680.3 2549     
680.4 2548     
680.5 2547     
680.6 2547     
680.7 2546     
680.8 2545     
680.9 2545     
681   2544     
681.1 2543     
681.2 2542     
681.3 2540     
681.4 2539     
681.5 2538     
681.6 2538     
681.7 2539     
681.8 2539     
681.9 2541     
682   2543     
682.1 2544     
682.2 2545     
682.3 2545     
682.4 2544     
682.5 2545     
682.6 2546     
682.7 2548     
682.8 2550     
682.9 2551     
683   2552     
683.1 2552     
683.2 2552     
683.3 2553     
683.4 2553     
683.5 2554     
683.6 2554     
683.7 2555     
683.8 2555     
683.9 2556     
684   2557     
684.1 2559     
684.2 2560     
684.3 2562     
684.4 2564     
684.5 2566     
684.6 2569     
684.7 2572     
684.8 2575     
684.9 2579     
685   2583     
685.1 2587     
685.2 2591     
685.3 2595     
685.4 2599     
685.5 2601     
685.6 2604     
685.7 2606     
685.8 2608     
685.9 2609     
686   2610     
686.1 2610     
686.2 2609     
686.3 2609     
686.4 2608     
686.5 2607     
686.6 2606     
686.7 2604     
686.8 2603     
686.9 2602     
687   2600     
687.1 2599     
687.2 2597     
687.3 2596     
687.4 2595     
687.5 2595     
687.6 2596     
687.7 2596     
687.8 2596     
687.9 2595     
688   2595     
688.1 2594     
688.2 2592     
688.3 2590     
688.4 2587     
688.5 2585     
688.6 2583     
688.7 2582     
688.8 2582     
688.9 2581     
689   2580     
689.1 2579     
689.2 2579     
689.3 2578     
689.4 2577     
689.5 2577     
689.6 2577     
689.7 2577     
689.8 2577     
689.9 2578     
690   2578     
690.1 2577     
690.2 2577     
690.3 2576     
690.4 2575     
690.5 2575     
690.6 2575     
690.7 2575     
690.8 2576     
690.9 2576     
691   2577     
691.1 2577     
691.2 2577     
691.3 2577     
691.4 2577     
691.5 2578     
691.6 2578     
691.7 2579     
691.8 2579     
691.9 2580     
692   2580     
692.1 2579     
692.2 2579     
692.3 2577     
692.4 2574     
692.5 2572     
692.6 2570     
692.7 2569     
692.8 2568     
692.9 2567     
693   2567     
693.1 2566     
693.2 2565     
693.3 2565     
693.4 2565     
693.5 2565     
693.6 2565     
693.7 2565     
693.8 2565     
693.9 2566     
694   2567     
694.1 2567     
694.2 2568     
694.3 2569     
694.4 2569     
694.5 2570     
694.6 2571     
694.7 2573     
694.8 2575     
694.9 2577     
695   2579     
695.1 2581     
695.2 2582     
695.3 2583     
695.4 2583     
695.5 2582     
695.6 2581     
695.7 2581     
695.8 2580     
695.9 2581     
696   2581     
696.1 2582     
696.2 2583     
696.3 2585     
696.4 2587     
696.5 2588     
696.6 2590     
696.7 2590     
696.8 2590     
696.9 2591     
697   2591     
697.1 2591     
697.2 2591     
697.3 2591     
697.4 2590     
697.5 2589     
697.6 2589     
697.7 2588     
697.8 2587     
697.9 2585     
698   2583     
698.1 2582     
698.2 2581     
698.3 2580     
698.4 2579     
698.5 2578     
698.6 2578     
698.7 2577     
698.8 2576     
698.9 2574     
699   2573     
699.1 2571     
699.2 2570     
699.3 2568     
699.4 2566     
699.5 2565     
699.6 2565     
699.7 2566     
699.8 2567     
699.9 2566     
700   2566     
700.1 2566     
700.2 2567     
700.3 2568     
700.4 2569     
700.5 2571     
700.6 2573     
700.7 2576     
700.8 2578     
700.9 2581     
701   2584     
701.1 2587     
701.2 2591     
701.3 2593     
701.4 2596     
701.5 2597     
701.6 2599     
701.7 2599     
701.8 2599     
701.9 2599     
702   2599     
702.1 2599     
702.2 2600     
702.3 2601     
702.4 2602     
702.5 2602     
702.6 2603     
702.7 2605     
702.8 2606     
702.9 2609     
703   2611     
703.1 2613     
703.2 2615     
703.3 2616     
703.4 2617     
703.5 2617     
703.6 2618     
703.7 2618     
703.8 2619     
703.9 2620     
704   2620     
704.1 2621     
704.2 2621     
704.3 2623     
704.4 2626     
704.5 2627     
704.6 2629     
704.7 2627     
704.8 2626     
704.9 2624     
705   2623     
705.1 2621     
705.2 2619     
705.3 2617     
705.4 2615     
705.5 2612     
705.6 2609     
705.7 2606     
705.8 2603     
705.9 2602     
706   2600     
706.1 2598     
706.2 2596     
706.3 2594     
706.4 2591     
706.5 2590     
706.6 2589     
706.7 2588     
706.8 2586     
706.9 2586     
707   2585     
707.1 2585     
707.2 2584     
707.3 2585     
707.4 2586     
707.5 2588     
707.6 2589     
707.7 2589     
707.8 2589     
707.9 2587     
708   2585     
708.1 2583     
708.2 2580     
708.3 2579     
708.4 2578     
708.5 2576     
708.6 2574     
708.7 2574     
708.8 2574     
708.9 2573     
709   2573     
709.1 2571     
709.2 2570     
709.3 2569     
709.4 2568     
709.5 2568     
709.6 2568     
709.7 2569     
709.8 2570     
709.9 2568     
710   2567     
710.1 2557     
710.2 2547     
710.3 2542     
710.4 2537     
710.5 2535     
710.6 2533     
710.7 2533     
710.8 2533     
710.9 2532     
711   2532     
711.1 2531     
711.2 2530     
711.3 2529     
711.4 2528     
711.5 2527     
711.6 2526     
711.7 2525     
711.8 2523     
711.9 2522     
712   2520     
712.1 2520     
712.2 2519     
712.3 2518     
712.4 2517     
712.5 2517     
712.6 2516     
712.7 2515     
712.8 2514     
712.9 2514     
713   2513     
713.1 2512     
713.2 2511     
713.3 2510     
713.4 2508     
713.5 2507     
713.6 2506     
713.7 2506     
713.8 2506     
713.9 2506     
714   2507     
714.1 2506     
714.2 2506     
714.3 2505     
714.4 2505     
714.5 2504     
714.6 2503     
714.7 2502     
714.8 2500     
714.9 2499     
715   2497     
715.1 2493     
715.2 2490     
715.3 2487     
715.4 2483     
715.5 2480     
715.6 2477     
715.7 2475     
715.8 2473     
715.9 2472     
716   2471     
716.1 2469     
716.2 2467     
716.3 2465     
716.4 2463     
716.5 2461     
716.6 2458     
716.7 2456     
716.8 2453     
716.9 2451     
717   2448     
717.1 2445     
717.2 2443     
717.3 2441     
717.4 2439     
717.5 2438     
717.6 2438     
717.7 2437     
717.8 2436     
717.9 2436     
718   2436     
718.1 2437     
718.2 2438     
718.3 2440     
718.4 2442     
718.5 2443     
718.6 2445     
718.7 2446     
718.8 2448     
718.9 2448     
719   2449     
719.1 2448     
719.2 2448     
719.3 2446     
719.4 2445     
719.5 2443     
719.6 2440     
719.7 2439     
719.8 2438     
719.9 2438     
720   2438     
720.1 2438     
720.2 2439     
720.3 2439     
720.4 2439     
720.5 2439     
720.6 2438     
720.7 2437     
720.8 2435     
720.9 2433     
721   2431     
721.1 2430     
721.2 2428     
721.3 2427     
721.4 2425     
721.5 2423     
721.6 2421     
721.7 2419     
721.8 2417     
721.9 2417     
722   2416     
722.1 2417     
722.2 2417     
722.3 2418     
722.4 2419     
722.5 2421     
722.6 2423     
722.7 2425     
722.8 2426     
722.9 2427     
723   2427     
723.1 2426     
723.2 2425     
723.3 2424     
723.4 2423     
723.5 2422     
723.6 2420     
723.7 2418     
723.8 2417     
723.9 2414     
724   2411     
724.1 2408     
724.2 2405     
724.3 2402     
724.4 2398     
724.5 2396     
724.6 2393     
724.7 2391     
724.8 2388     
724.9 2387     
725   2385     
725.1 2383     
725.2 2382     
725.3 2381     
725.4 2380     
725.5 2379     
725.6 2378     
725.7 2377     
725.8 2376     
725.9 2375     
726   2374     
726.1 2376     
726.2 2377     
726.3 2377     
726.4 2377     
726.5 2377     
726.6 2377     
726.7 2377     
726.8 2378     
726.9 2378     
727   2379     
727.1 2381     
727.2 2382     
727.3 2384     
727.4 2385     
727.5 2386     
727.6 2387     
727.7 2387     
727.8 2388     
727.9 2387     
728   2387     
728.1 2385     
728.2 2383     
728.3 2380     
728.4 2377     
728.5 2375     
728.6 2374     
728.7 2373     
728.8 2372     
728.9 2372     
729   2373     
729.1 2374     
729.2 2375     
729.3 2375     
729.4 2375     
729.5 2373     
729.6 2372     
729.7 2371     
729.8 2370     
729.9 2369     
730   2368     
730.1 2368     
730.2 2367     
730.3 2367     
730.4 2367     
730.5 2366     
730.6 2365     
730.7 2364     
730.8 2362     
730.9 2360     
731   2358     
731.1 2355     
731.2 2352     
731.3 2349     
731.4 2346     
731.5 2343     
731.6 2339     
731.7 2336     
731.8 2333     
731.9 2331     
732   2330     
732.1 2329     
732.2 2327     
732.3 2326     
732.4 2325     
732.5 2324     
732.6 2323     
732.7 2323     
732.8 2323     
732.9 2323     
733   2323     
733.1 2323     
733.2 2323     
733.3 2324     
733.4 2324     
733.5 2325     
733.6 2326     
733.7 2327     
733.8 2328     
733.9 2330     
734   2332     
734.1 2334     
734.2 2335     
734.3 2337     
734.4 2338     
734.5 2339     
734.6 2340     
734.7 2340     
734.8 2335     
734.9 2334     
735   2333     
735.1 2332     
735.2 2331     
735.3 2330     
735.4 2329     
735.5 2327     
735.6 2326     
735.7 2325     
735.8 2324     
735.9 2323     
736   2321     
736.1 2320     
736.2 2318     
736.3 2316     
736.4 2314     
736.5 2312     
736.6 2310     
736.7 2307     
736.8 2305     
736.9 2304     
737   2302     
737.1 2300     
737.2 2299     
737.3 2297     
737.4 2296     
737.5 2295     
737.6 2293     
737.7 2292     
737.8 2291     
737.9 2290     
738   2289     
738.1 2288     
738.2 2287     
738.3 2286     
738.4 2285     
738.5 2284     
738.6 2284     
738.7 2283     
738.8 2283     
738.9 2282     
739   2282     
739.1 2282     
739.2 2281     
739.3 2281     
739.4 2281     
739.5 2281     
739.6 2280     
739.7 2280     
739.8 2280     
739.9 2280     
740   2280     
740.1 2280     
740.2 2280     
740.3 2279     
740.4 2279     
740.5 2279     
740.6 2279     
740.7 2280     
740.8 2280     
740.9 2280     
741   2280     
741.1 2280     
741.2 2281     
741.3 2281     
741.4 2282     
741.5 2283     
741.6 2283     
741.7 2284     
741.8 2285     
741.9 2286     
742   2288     
742.1 2289     
742.2 2290     
742.3 2292     
742.4 2293     
742.5 2295     
742.6 2297     
742.7 2299     
742.8 2300     
742.9 2302     
743   2304     
743.1 2306     
743.2 2308     
743.3 2309     
743.4 2311     
743.5 2313     
743.6 2315     
743.7 2317     
743.8 2318     
743.9 2320     
744   2321     
744.1 2323     
744.2 2325     
744.3 2326     
744.4 2328     
744.5 2330     
744.6 2331     
744.7 2333     
744.8 2335     
744.9 2337     
745   2338     
745.1 2340     
745.2 2342     
745.3 2344     
745.4 2345     
745.5 2347     
745.6 2349     
745.7 2351     
745.8 2352     
745.9 2354     
746   2356     
746.1 2358     
746.2 2360     
746.3 2362     
746.4 2363     
746.5 2365     
746.6 2367     
746.7 2369     
746.8 2371     
746.9 2373     
747   2375     
747.1 2377     
747.2 2379     
747.3 2381     
747.4 2383     
747.5 2385     
747.6 2387     
747.7 2390     
747.8 2392     
747.9 2394     
748   2396     
748.1 2398     
748.2 2401     
748.3 2403     
748.4 2405     
748.5 2407     
748.6 2408     
748.7 2410     
748.8 2412     
748.9 2413     
749   2414     
749.1 2415     
749.2 2416     
749.3 2417     
749.4 2418     
749.5 2418     
749.6 2419     
749.7 2419     
749.8 2419     
749.9 2419     
750   2419     
750.1 2418     
750.2 2418     
750.3 2417     
750.4 2417     
750.5 2416     
750.6 2415     
750.7 2415     
750.8 2414     
750.9 2413     
751   2412     
751.1 2411     
751.2 2410     
751.3 2409     
751.4 2409     
751.5 2408     
751.6 2407     
751.7 2407     
751.8 2406     
751.9 2405     
752   2405     
752.1 2405     
752.2 2404     
752.3 2404     
752.4 2403     
752.5 2403     
752.6 2403     
752.7 2402     
752.8 2402     
752.9 2402     
753   2402     
753.1 2401     
753.2 2401     
753.3 2401     
753.4 2401     
753.5 2401     
753.6 2400     
753.7 2400     
753.8 2400     
753.9 2400     
754   2399     
754.1 2399     
754.2 2399     
754.3 2398     
754.4 2398     
754.5 2398     
754.6 2397     
754.7 2397     
754.8 2396     
754.9 2396     
755   2395     
755.1 2395     
755.2 2394     
755.3 2393     
755.4 2393     
755.5 2392     
755.6 2391     
755.7 2390     
755.8 2390     
755.9 2389     
756   2388     
756.1 2387     
756.2 2387     
756.3 2386     
756.4 2385     
756.5 2385     
756.6 2384     
756.7 2384     
756.8 2383     
756.9 2383     
757   2382     
757.1 2382     
757.2 2381     
757.3 2381     
757.4 2381     
757.5 2380     
757.6 2380     
757.7 2380     
757.8 2379     
757.9 2379     
758   2379     
758.1 2379     
758.2 2379     
758.3 2378     
758.4 2378     
758.5 2378     
758.6 2378     
758.7 2379     
758.8 2379     
758.9 2379     
759   2379     
759.1 2379     
759.2 2380     
759.3 2380     
759.4 2380     
759.5 2381     
759.6 2381     
759.7 2382     
759.8 2382     
759.9 2382     
760   2383     
760.1 2383     
760.2 2383     
760.3 2384     
760.4 2384     
760.5 2384     
760.6 2384     
760.7 2384     
760.8 2384     
760.9 2384     
761   2384     
761.1 2384     
761.2 2384     
761.3 2383     
761.4 2383     
761.5 2382     
761.6 2381     
761.7 2380     
761.8 2379     
761.9 2378     
762   2377     
762.1 2376     
762.2 2375     
762.3 2373     
762.4 2372     
762.5 2370     
762.6 2368     
762.7 2367     
762.8 2365     
762.9 2363     
763   2361     
763.1 2359     
763.2 2357     
763.3 2355     
763.4 2354     
763.5 2352     
763.6 2350     
763.7 2348     
763.8 2347     
763.9 2345     
764   2343     
764.1 2342     
764.2 2340     
764.3 2338     
764.4 2337     
764.5 2335     
764.6 2333     
764.7 2331     
764.8 2329     
764.9 2328     
765   2326     
765.1 2324     
765.2 2321     
765.3 2319     
765.4 2317     
765.5 2315     
765.6 2313     
765.7 2311     
765.8 2309     
765.9 2307     
766   2305     
766.1 2303     
766.2 2301     
766.3 2299     
766.4 2298     
766.5 2296     
766.6 2295     
766.7 2294     
766.8 2293     
766.9 2292     
767   2291     
767.1 2290     
767.2 2289     
767.3 2288     
767.4 2288     
767.5 2287     
767.6 2287     
767.7 2287     
767.8 2287     
767.9 2286     
768   2286     
768.1 2286     
768.2 2286     
768.3 2286     
768.4 2286     
768.5 2286     
768.6 2286     
768.7 2286     
768.8 2286     
768.9 2286     
769   2286     
769.1 2286     
769.2 2286     
769.3 2285     
769.4 2285     
769.5 2285     
769.6 2285     
769.7 2285     
769.8 2285     
769.9 2285     
770   2285     
770.1 2285     
770.2 2285     
770.3 2285     
770.4 2285     
770.5 2285     
770.6 2285     
770.7 2285     
770.8 2285     
770.9 2285     
771   2284     
771.1 2284     
771.2 2284     
771.3 2284     
771.4 2283     
771.5 2283     
771.6 2283     
771.7 2283     
771.8 2283     
771.9 2283     
772   2282     
772.1 2282     
772.2 2282     
772.3 2282     
772.4 2282     
772.5 2281     
772.6 2281     
772.7 2281     
772.8 2280     
772.9 2280     
773   2280     
773.1 2279     
773.2 2279     
773.3 2279     
773.4 2278     
773.5 2278     
773.6 2278     
773.7 2277     
773.8 2277     
773.9 2277     
774   2276     
774.1 2276     
774.2 2276     
774.3 2276     
774.4 2275     
774.5 2275     
774.6 2275     
774.7 2274     
774.8 2274     
774.9 2273     
775   2273     
775.1 2272     
775.2 2271     
775.3 2271     
775.4 2270     
775.5 2269     
775.6 2269     
775.7 2268     
775.8 2267     
775.9 2266     
776   2265     
776.1 2265     
776.2 2264     
776.3 2263     
776.4 2262     
776.5 2261     
776.6 2261     
776.7 2260     
776.8 2259     
776.9 2259     
777   2259     
777.1 2258     
777.2 2258     
777.3 2258     
777.4 2258     
777.5 2258     
777.6 2258     
777.7 2258     
777.8 2258     
777.9 2258     
778   2258     
778.1 2258     
778.2 2258     
778.3 2257     
778.4 2257     
778.5 2256     
778.6 2256     
778.7 2255     
778.8 2255     
778.9 2254     
779   2253     
779.1 2252     
779.2 2252     
779.3 2251     
779.4 2250     
779.5 2249     
779.6 2248     
779.7 2248     
779.8 2247     
779.9 2246     
780   2245     
780.1 2245     
780.2 2244     
780.3 2244     
780.4 2243     
780.5 2243     
780.6 2243     
780.7 2242     
780.8 2242     
780.9 2242     
781   2242     
781.1 2242     
781.2 2241     
781.3 2241     
781.4 2241     
781.5 2241     
781.6 2241     
781.7 2242     
781.8 2242     
781.9 2242     
782   2242     
782.1 2242     
782.2 2242     
782.3 2242     
782.4 2242     
782.5 2243     
782.6 2243     
782.7 2243     
782.8 2243     
782.9 2244     
783   2244     
783.1 2245     
783.2 2245     
783.3 2246     
783.4 2246     
783.5 2247     
783.6 2248     
783.7 2248     
783.8 2249     
783.9 2250     
784   2250     
784.1 2251     
784.2 2251     
784.3 2252     
784.4 2252     
784.5 2253     
784.6 2253     
784.7 2254     
784.8 2254     
784.9 2254     
785   2254     
785.1 2255     
785.2 2255     
785.3 2255     
785.4 2256     
785.5 2256     
785.6 2256     
785.7 2256     
785.8 2257     
785.9 2257     
786   2257     
786.1 2257     
786.2 2258     
786.3 2258     
786.4 2258     
786.5 2258     
786.6 2259     
786.7 2259     
786.8 2259     
786.9 2260     
787   2260     
787.1 2260     
787.2 2261     
787.3 2261     
787.4 2262     
787.5 2262     
787.6 2263     
787.7 2264     
787.8 2264     
787.9 2265     
788   2265     
788.1 2266     
788.2 2266     
788.3 2267     
788.4 2267     
788.5 2267     
788.6 2268     
788.7 2268     
788.8 2267     
788.9 2267     
789   2267     
789.1 2266     
789.2 2265     
789.3 2264     
789.4 2263     
789.5 2262     
789.6 2260     
789.7 2259     
789.8 2257     
789.9 2256     
790   2254     
790.1 2252     
790.2 2250     
790.3 2248     
790.4 2246     
790.5 2244     
790.6 2242     
790.7 2241     
790.8 2239     
790.9 2237     
791   2235     
791.1 2233     
791.2 2232     
791.3 2230     
791.4 2228     
791.5 2227     
791.6 2226     
791.7 2224     
791.8 2223     
791.9 2222     
792   2221     
792.1 2220     
792.2 2219     
792.3 2218     
792.4 2217     
792.5 2216     
792.6 2216     
792.7 2215     
792.8 2214     
792.9 2213     
793   2212     
793.1 2211     
793.2 2210     
793.3 2209     
793.4 2208     
793.5 2207     
793.6 2206     
793.7 2204     
793.8 2203     
793.9 2201     
794   2199     
794.1 2198     
794.2 2196     
794.3 2194     
794.4 2192     
794.5 2190     
794.6 2188     
794.7 2185     
794.8 2183     
794.9 2181     
795   2179     
795.1 2176     
795.2 2174     
795.3 2172     
795.4 2170     
795.5 2168     
795.6 2166     
795.7 2164     
795.8 2162     
795.9 2160     
796   2158     
796.1 2156     
796.2 2155     
796.3 2153     
796.4 2151     
796.5 2149     
796.6 2148     
796.7 2146     
796.8 2145     
796.9 2143     
797   2141     
797.1 2140     
797.2 2138     
797.3 2137     
797.4 2135     
797.5 2134     
797.6 2132     
797.7 2131     
797.8 2129     
797.9 2127     
798   2125     
798.1 2123     
798.2 2121     
798.3 2119     
798.4 2117     
798.5 2115     
798.6 2112     
798.7 2110     
798.8 2107     
798.9 2104     
799   2101     
799.1 2098     
799.2 2094     
799.3 2091     
799.4 2087     
799.5 2083     
799.6 2079     
799.7 2075     
799.8 2071     
799.9 2067     
800   2062     
800.1 2058     
800.2 2053     
800.3 2049     
800.4 2044     
800.5 2039     
800.6 2035     
800.7 2030     
800.8 2025     
800.9 2020     
801   2016     
801.1 2011     
801.2 2006     
801.3 2002     
801.4 1997     
801.5 1992     
801.6 1988     
801.7 1983     
801.8 1979     
801.9 1975     
802   1970     
802.1 1966     
802.2 1962     
802.3 1958     
802.4 1954     
802.5 1950     
802.6 1947     
802.7 1944     
802.8 1941     
802.9 1938     
803   1936     
803.1 1934     
803.2 1932     
803.3 1930     
803.4 1928     
803.5 1927     
803.6 1926     
803.7 1925     
803.8 1924     
803.9 1922     
804   1921     
804.1 1921     
804.2 1920     
804.3 1919     
804.4 1917     
804.5 1916     
804.6 1915     
804.7 1914     
804.8 1912     
804.9 1911     
805   1909     
805.1 1908     
805.2 1906     
805.3 1904     
805.4 1902     
805.5 1901     
805.6 1899     
805.7 1897     
805.8 1895     
805.9 1893     
806   1892     
806.1 1890     
806.2 1888     
806.3 1886     
806.4 1885     
806.5 1883     
806.6 1881     
806.7 1880     
806.8 1879     
806.9 1878     
807   1876     
807.1 1875     
807.2 1874     
807.3 1874     
807.4 1873     
807.5 1872     
807.6 1872     
807.7 1871     
807.8 1871     
807.9 1871     
808   1871     
808.1 1871     
808.2 1871     
808.3 1871     
808.4 1871     
808.5 1871     
808.6 1872     
808.7 1872     
808.8 1872     
808.9 1872     
809   1872     
809.1 1872     
809.2 1872     
809.3 1872     
809.4 1871     
809.5 1871     
809.6 1871     
809.7 1870     
809.8 1870     
809.9 1869     
810   1868     
810.2 1868     
