
X_km  Z_floor  
629.7 3437     
629.8 3438     
629.9 3438     
630   3454     
630.1 3467     
630.2 3478     
630.3 3492     
630.4 3500     
630.5 3510     
630.6 3514     
630.7 3517     
630.8 3523     
630.9 3526     
631   3524     
631.1 3524     
631.2 3508     
631.3 3447     
631.4 3447     
631.5 3433     
631.6 3426     
631.7 3414     
631.8 3412     
631.9 3402     
632   3400     
632.1 3401     
632.2 3402     
632.3 3401     
632.4 3399     
632.5 3404     
632.6 3407     
632.7 3396     
632.8 3366     
632.9 3352     
633   3346     
633.1 3339     
633.2 3327     
633.3 3309     
633.4 3293     
633.5 3284     
633.6 3279     
633.7 3278     
633.8 3280     
633.9 3275     
634   3271     
634.1 3270     
634.2 3273     
634.3 3276     
634.4 3283     
634.5 3290     
634.6 3289     
634.7 3289     
634.8 3292     
634.9 3292     
635   3290     
635.1 3288     
635.2 3292     
635.3 3294     
635.4 3300     
635.5 3313     
635.6 3325     
635.7 3325     
635.8 3334     
635.9 3345     
636   3354     
636.1 3372     
636.2 3391     
636.3 3389     
636.4 3359     
636.5 3326     
636.6 3324     
636.7 3327     
636.8 3330     
636.9 3334     
637   3336     
637.1 3338     
637.2 3347     
637.3 3353     
637.4 3355     
637.5 3356     
637.6 3362     
637.7 3371     
637.8 3376     
637.9 3379     
638   3384     
638.1 3394     
638.2 3405     
638.3 3413     
638.4 3421     
638.5 3431     
638.6 3439     
638.7 3450     
638.8 3462     
638.9 3474     
639   3452     
639.1 3399     
639.2 3322     
639.3 3233     
639.4 3151     
639.5 3149     
639.6 3138     
639.7 3112     
639.8 3113     
639.9 3113     
640   3060     
640.1 3024     
640.2 3002     
640.3 2994     
640.4 3000     
640.5 3006     
640.6 3003     
640.7 3000     
640.8 2992     
640.9 2995     
641   3003     
641.1 3009     
641.2 3010     
641.3 3009     
641.4 3008     
641.5 3013     
641.6 3018     
641.7 3024     
641.8 3027     
641.9 3028     
642   3038     
642.1 3051     
642.2 3061     
642.3 3072     
642.4 3088     
642.5 3100     
642.6 3113     
642.7 3132     
642.8 3145     
642.9 3111     
643   3074     
643.1 3068     
643.2 3082     
643.3 3094     
643.4 3101     
643.5 3102     
643.6 3102     
643.7 3106     
643.8 3113     
643.9 3125     
644   3137     
644.1 3155     
644.2 3160     
644.3 3164     
644.4 3166     
644.5 3186     
644.6 3212     
644.7 3235     
644.8 3249     
644.9 3272     
645   3296     
645.1 3314     
645.2 3333     
645.3 3311     
645.4 3239     
645.5 3160     
645.6 3163     
645.7 3181     
645.8 3183     
645.9 3211     
646   3229     
646.1 3244     
646.2 3259     
646.3 3279     
646.4 3288     
646.5 3299     
646.6 3278     
646.7 3238     
646.8 3235     
646.9 3244     
647   3253     
647.1 3266     
647.2 3279     
647.3 3291     
647.4 3299     
647.5 3310     
647.6 3320     
647.7 3327     
647.8 3334     
647.9 3340     
648   3347     
648.1 3357     
648.2 3369     
648.3 3382     
648.4 3377     
648.5 3324     
648.6 3193     
648.7 3061     
648.8 3021     
648.9 3034     
649   3037     
649.1 3034     
649.2 3045     
649.3 3046     
649.4 3043     
649.5 3059     
649.6 3066     
649.7 3070     
649.8 3071     
649.9 3070     
650   3074     
650.1 3081     
650.2 3078     
650.3 3080     
650.4 3091     
650.5 3101     
650.6 3121     
650.7 3132     
650.8 3139     
650.9 3142     
651   3151     
651.1 3152     
651.2 3147     
651.3 3159     
651.4 3149     
651.5 3103     
651.6 3072     
651.7 3064     
651.8 3008     
651.9 3007     
652   3007     
652.1 3013     
652.2 3016     
652.3 3019     
652.4 3022     
652.5 3030     
652.6 3037     
652.7 3047     
652.8 3054     
652.9 3053     
653   3060     
653.1 3064     
653.2 3067     
653.3 3072     
653.4 3075     
653.5 3074     
653.6 3060     
653.7 3074     
653.8 3084     
653.9 3086     
654   3089     
654.1 3088     
654.2 3078     
654.3 3065     
654.4 3049     
654.5 3054     
654.6 3053     
654.7 3049     
654.8 3042     
654.9 3039     
655   3041     
655.1 3045     
655.2 3053     
655.3 3060     
655.4 3058     
655.5 3050     
655.6 3050     
655.7 3055     
655.8 3059     
655.9 3064     
656   3065     
656.1 3067     
656.2 3070     
656.3 3076     
656.4 3081     
656.5 3087     
656.6 3090     
656.7 3094     
656.8 3096     
656.9 3098     
657   3105     
657.1 3110     
657.2 3112     
657.3 3105     
657.4 3094     
657.5 3076     
657.6 3057     
657.7 3049     
657.8 3044     
657.9 3042     
658   3042     
658.1 3044     
658.2 3045     
658.3 3049     
658.4 3052     
658.5 3057     
658.6 3061     
658.7 3065     
658.8 3070     
658.9 3075     
659   3080     
659.1 3087     
659.2 3093     
659.3 3099     
659.4 3101     
659.5 3101     
659.6 3103     
659.7 3104     
659.8 3103     
659.9 3104     
660   3109     
660.1 3115     
660.2 3121     
660.3 3128     
660.4 3134     
660.5 3136     
660.6 3143     
660.7 3150     
660.8 3157     
660.9 3164     
661   3163     
661.1 3129     
661.2 3103     
661.3 3103     
661.4 3102     
661.5 3099     
661.6 3103     
661.7 3108     
661.8 3119     
661.9 3132     
662   3140     
662.1 3150     
662.2 3155     
662.3 3158     
662.4 3163     
662.5 3167     
662.6 3173     
662.7 3174     
662.8 3175     
662.9 3177     
663   3180     
663.1 3179     
663.2 3180     
663.3 3182     
663.4 3186     
663.5 3190     
663.6 3195     
663.7 3199     
663.8 3201     
663.9 3205     
664   3206     
664.1 3202     
664.2 3198     
664.3 3197     
664.4 3199     
664.5 3202     
664.6 3208     
664.7 3211     
664.8 3213     
664.9 3214     
665   3215     
665.1 3221     
665.2 3225     
665.3 3229     
665.4 3230     
665.5 3232     
665.6 3239     
665.7 3243     
665.8 3244     
665.9 3242     
666   3240     
666.1 3237     
666.2 3238     
666.3 3238     
666.4 3236     
666.5 3235     
666.6 3234     
666.7 3224     
666.8 3222     
666.9 3227     
667   3230     
667.1 3233     
667.2 3237     
667.3 3237     
667.4 3236     
667.5 3235     
667.6 3236     
667.7 3237     
667.8 3241     
667.9 3245     
668   3250     
668.1 3252     
668.2 3252     
668.3 3254     
668.4 3259     
668.5 3264     
668.6 3261     
668.7 3252     
668.8 3245     
668.9 3241     
669   3242     
669.1 3246     
669.2 3252     
669.3 3256     
669.4 3258     
669.5 3257     
669.6 3257     
669.7 3256     
669.8 3258     
669.9 3255     
670   3250     
670.1 3250     
670.2 3247     
670.3 3248     
670.4 3253     
670.5 3255     
670.6 3255     
670.7 3255     
670.8 3256     
670.9 3257     
671   3259     
671.1 3259     
671.2 3260     
671.3 3263     
671.4 3265     
671.5 3262     
671.6 3263     
671.7 3264     
671.8 3264     
671.9 3261     
672   3261     
672.1 3258     
672.2 3257     
672.3 3260     
672.4 3264     
672.5 3265     
672.6 3268     
672.7 3269     
672.8 3266     
672.9 3263     
673   3258     
673.1 3256     
673.2 3250     
673.3 3252     
673.4 3260     
673.5 3267     
673.6 3270     
673.7 3274     
673.8 3277     
673.9 3278     
674   3280     
674.1 3280     
674.2 3275     
674.3 3272     
674.4 3272     
674.5 3274     
674.6 3275     
674.7 3274     
674.8 3272     
674.9 3269     
675   3266     
675.1 3260     
675.2 3259     
675.3 3255     
675.4 3253     
675.5 3250     
675.6 3249     
675.7 3243     
675.8 3237     
675.9 3233     
676   3234     
676.1 3233     
676.2 3232     
676.3 3231     
676.4 3239     
676.5 3244     
676.6 3245     
676.7 3248     
676.8 3247     
676.9 3246     
677   3244     
677.1 3243     
677.2 3244     
677.3 3241     
677.4 3241     
677.5 3233     
677.6 3228     
677.7 3226     
677.8 3225     
677.9 3224     
678   3223     
678.1 3223     
678.2 3219     
678.3 3219     
678.4 3219     
678.5 3216     
678.6 3219     
678.7 3219     
678.8 3220     
678.9 3224     
679   3226     
679.1 3225     
679.2 3226     
679.3 3224     
679.4 3220     
679.5 3219     
679.6 3219     
679.7 3222     
679.8 3219     
679.9 3219     
680   3213     
680.1 3208     
680.2 3204     
680.3 3204     
680.4 3204     
680.5 3200     
680.6 3198     
680.7 3197     
680.8 3198     
680.9 3193     
681   3190     
681.1 3188     
681.2 3186     
681.3 3185     
681.4 3180     
681.5 3177     
681.6 3174     
681.7 3173     
681.8 3175     
681.9 3175     
682   3176     
682.1 3176     
682.2 3176     
682.3 3172     
682.4 3165     
682.5 3170     
682.6 3176     
682.7 3179     
682.8 3182     
682.9 3182     
683   3179     
683.1 3176     
683.2 3175     
683.3 3174     
683.4 3173     
683.5 3173     
683.6 3174     
683.7 3174     
683.8 3174     
683.9 3175     
684   3176     
684.1 3177     
684.2 3179     
684.3 3180     
684.4 3182     
684.5 3184     
684.6 3186     
684.7 3189     
684.8 3192     
684.9 3197     
685   3205     
685.1 3210     
685.2 3216     
685.3 3224     
685.4 3228     
685.5 3229     
685.6 3229     
685.7 3234     
685.8 3235     
685.9 3238     
686   3239     
686.1 3240     
686.2 3237     
686.3 3237     
686.4 3233     
686.5 3232     
686.6 3231     
686.7 3226     
686.8 3222     
686.9 3220     
687   3220     
687.1 3218     
687.2 3213     
687.3 3208     
687.4 3207     
687.5 3205     
687.6 3208     
687.7 3214     
687.8 3214     
687.9 3211     
688   3212     
688.1 3213     
688.2 3213     
688.3 3212     
688.4 3204     
688.5 3191     
688.6 3188     
688.7 3188     
688.8 3193     
688.9 3193     
689   3187     
689.1 3185     
689.2 3184     
689.3 3179     
689.4 3177     
689.5 3176     
689.6 3177     
689.7 3170     
689.8 3173     
689.9 3175     
690   3177     
690.1 3175     
690.2 3178     
690.3 3177     
690.4 3173     
690.5 3170     
690.6 3168     
690.7 3169     
690.8 3172     
690.9 3175     
691   3172     
691.1 3170     
691.2 3170     
691.3 3172     
691.4 3170     
691.5 3169     
691.6 3169     
691.7 3165     
691.8 3167     
691.9 3171     
692   3172     
692.1 3171     
692.2 3161     
692.3 3165     
692.4 3159     
692.5 3157     
692.6 3146     
692.7 3148     
692.8 3138     
692.9 3142     
693   3146     
693.1 3147     
693.2 3145     
693.3 3141     
693.4 3142     
693.5 3144     
693.6 3136     
693.7 3134     
693.8 3134     
693.9 3135     
694   3139     
694.1 3139     
694.2 3136     
694.3 3132     
694.4 3129     
694.5 3129     
694.6 3127     
694.7 3124     
694.8 3129     
694.9 3133     
695   3133     
695.1 3132     
695.2 3138     
695.3 3139     
695.4 3139     
695.5 3138     
695.6 3135     
695.7 3132     
695.8 3130     
695.9 3129     
696   3129     
696.1 3129     
696.2 3132     
696.3 3134     
696.4 3136     
696.5 3140     
696.6 3143     
696.7 3138     
696.8 3136     
696.9 3135     
697   3133     
697.1 3133     
697.2 3134     
697.3 3135     
697.4 3131     
697.5 3129     
697.6 3129     
697.7 3133     
697.8 3133     
697.9 3132     
698   3128     
698.1 3124     
698.2 3123     
698.3 3123     
698.4 3120     
698.5 3120     
698.6 3120     
698.7 3119     
698.8 3116     
698.9 3116     
699   3112     
699.1 3108     
699.2 3104     
699.3 3100     
699.4 3089     
699.5 3080     
699.6 3080     
699.7 3074     
699.8 3088     
699.9 3090     
700   3083     
700.1 3083     
700.2 3084     
700.3 3084     
700.4 3085     
700.5 3084     
700.6 3082     
700.7 3089     
700.8 3093     
700.9 3094     
701   3100     
701.1 3104     
701.2 3107     
701.3 3110     
701.4 3113     
701.5 3117     
701.6 3119     
701.7 3117     
701.8 3113     
701.9 3109     
702   3110     
702.1 3109     
702.2 3100     
702.3 3107     
702.4 3107     
702.5 3105     
702.6 3107     
702.7 3110     
702.8 3109     
702.9 3114     
703   3119     
703.1 3121     
703.2 3121     
703.3 3119     
703.4 3119     
703.5 3119     
703.6 3115     
703.7 3113     
703.8 3114     
703.9 3115     
704   3116     
704.1 3111     
704.2 3105     
704.3 3105     
704.4 3122     
704.5 3129     
704.6 3132     
704.7 3126     
704.8 3117     
704.9 3111     
705   3113     
705.1 3112     
705.2 3109     
705.3 3107     
705.4 3104     
705.5 3101     
705.6 3095     
705.7 3081     
705.8 3075     
705.9 3070     
706   3064     
706.1 3058     
706.2 3054     
706.3 3053     
706.4 3059     
706.5 3049     
706.6 3058     
706.7 3049     
706.8 3048     
706.9 3051     
707   3060     
707.1 3066     
707.2 3067     
707.3 3061     
707.4 3055     
707.5 3063     
707.6 3064     
707.7 3058     
707.8 3072     
707.9 3074     
708   3068     
708.1 3056     
708.2 3045     
708.3 3046     
708.4 3049     
708.5 3035     
708.6 3021     
708.7 3035     
708.8 3046     
708.9 3047     
709   3045     
709.1 3044     
709.2 3041     
709.3 3039     
709.4 3036     
709.5 3033     
709.6 3035     
709.7 3036     
709.8 3031     
709.9 3030     
710   3019     
710.1 3008     
710.2 2998     
710.3 2993     
710.4 2990     
710.5 2986     
710.6 2980     
710.7 2982     
710.8 2984     
710.9 2984     
711   2985     
711.1 2983     
711.2 2984     
711.3 2983     
711.4 2982     
711.5 2981     
711.6 2981     
711.7 2978     
711.8 2974     
711.9 2971     
712   2966     
712.1 2960     
712.2 2952     
712.3 2947     
712.4 2944     
712.5 2942     
712.6 2942     
712.7 2943     
712.8 2945     
712.9 2948     
713   2951     
713.1 2955     
713.2 2957     
713.3 2957     
713.4 2954     
713.5 2951     
713.6 2948     
713.7 2945     
713.8 2943     
713.9 2941     
714   2941     
714.1 2941     
714.2 2943     
714.3 2947     
714.4 2951     
714.5 2949     
714.6 2942     
714.7 2943     
714.8 2942     
714.9 2940     
715   2938     
715.1 2936     
715.2 2931     
715.3 2924     
715.4 2921     
715.5 2920     
715.6 2914     
715.7 2909     
715.8 2904     
715.9 2899     
716   2895     
716.1 2891     
716.2 2888     
716.3 2885     
716.4 2881     
716.5 2878     
716.6 2876     
716.7 2873     
716.8 2870     
716.9 2866     
717   2863     
717.1 2861     
717.2 2858     
717.3 2856     
717.4 2854     
717.5 2853     
717.6 2852     
717.7 2850     
717.8 2849     
717.9 2848     
718   2846     
718.1 2845     
718.2 2844     
718.3 2843     
718.4 2841     
718.5 2840     
718.6 2839     
718.7 2838     
718.8 2838     
718.9 2837     
719   2836     
719.1 2834     
719.2 2832     
719.3 2830     
719.4 2826     
719.5 2823     
719.6 2820     
719.7 2817     
719.8 2814     
719.9 2812     
720   2810     
720.1 2808     
720.2 2806     
720.3 2805     
720.4 2803     
720.5 2801     
720.6 2800     
720.7 2798     
720.8 2797     
720.9 2795     
721   2794     
721.1 2792     
721.2 2790     
721.3 2785     
721.4 2780     
721.5 2775     
721.6 2771     
721.7 2766     
721.8 2763     
721.9 2759     
722   2757     
722.1 2756     
722.2 2756     
722.3 2757     
722.4 2758     
722.5 2760     
722.6 2760     
722.7 2760     
722.8 2759     
722.9 2757     
723   2755     
723.1 2752     
723.2 2749     
723.3 2746     
723.4 2744     
723.5 2743     
723.6 2741     
723.7 2740     
723.8 2739     
723.9 2738     
724   2736     
724.1 2735     
724.2 2733     
724.3 2728     
724.4 2723     
724.5 2718     
724.6 2714     
724.7 2710     
724.8 2707     
724.9 2703     
725   2700     
725.1 2697     
725.2 2695     
725.3 2693     
725.4 2691     
725.5 2690     
725.6 2689     
725.7 2689     
725.8 2690     
725.9 2691     
726   2692     
726.1 2693     
726.2 2693     
726.3 2694     
726.4 2694     
726.5 2695     
726.6 2695     
726.7 2695     
726.8 2696     
726.9 2697     
727   2699     
727.1 2701     
727.2 2701     
727.3 2701     
727.4 2702     
727.5 2703     
727.6 2705     
727.7 2705     
727.8 2706     
727.9 2707     
728   2707     
728.1 2707     
728.2 2706     
728.3 2706     
728.4 2705     
728.5 2704     
728.6 2704     
728.7 2703     
728.8 2703     
728.9 2703     
729   2704     
729.1 2705     
729.2 2706     
729.3 2706     
729.4 2706     
729.5 2706     
729.6 2705     
729.7 2704     
729.8 2702     
729.9 2699     
730   2691     
730.1 2694     
730.2 2699     
730.3 2703     
730.4 2704     
730.5 2705     
730.6 2706     
730.7 2706     
730.8 2706     
730.9 2706     
731   2705     
731.1 2704     
731.2 2704     
731.3 2704     
731.4 2704     
731.5 2704     
731.6 2705     
731.7 2706     
731.8 2707     
731.9 2708     
732   2709     
732.1 2710     
732.2 2711     
732.3 2711     
732.4 2712     
732.5 2712     
732.6 2713     
732.7 2713     
732.8 2713     
732.9 2714     
733   2714     
733.1 2715     
733.2 2715     
733.3 2716     
733.4 2716     
733.5 2716     
733.6 2717     
733.7 2717     
733.8 2717     
733.9 2718     
734   2718     
734.1 2718     
734.2 2718     
734.3 2718     
734.4 2718     
734.5 2717     
734.6 2716     
734.7 2716     
734.8 2715     
734.9 2715     
735   2714     
735.1 2713     
735.2 2713     
735.3 2712     
735.4 2712     
735.5 2711     
735.6 2711     
735.7 2710     
735.8 2710     
735.9 2710     
736   2709     
736.1 2709     
736.2 2708     
736.3 2708     
736.4 2708     
736.5 2708     
736.6 2707     
736.7 2707     
736.8 2707     
736.9 2706     
737   2706     
737.1 2706     
737.2 2706     
737.3 2706     
737.4 2706     
737.5 2705     
737.6 2705     
737.7 2705     
737.8 2705     
737.9 2705     
738   2705     
738.1 2705     
738.2 2704     
738.3 2704     
738.4 2704     
738.5 2703     
738.6 2703     
738.7 2703     
738.8 2703     
738.9 2702     
739   2702     
739.1 2702     
739.2 2702     
739.3 2702     
739.4 2701     
739.5 2701     
739.6 2701     
739.7 2701     
739.8 2701     
739.9 2700     
740   2700     
740.1 2700     
740.2 2700     
740.3 2700     
740.4 2700     
740.5 2700     
740.6 2700     
740.7 2700     
740.8 2700     
740.9 2700     
741   2700     
741.1 2700     
741.2 2700     
741.3 2701     
741.4 2701     
741.5 2701     
741.6 2701     
741.7 2701     
741.8 2702     
741.9 2702     
742   2702     
742.1 2702     
742.2 2702     
742.3 2703     
742.4 2703     
742.5 2703     
742.6 2703     
742.7 2703     
742.8 2703     
742.9 2704     
743   2704     
743.1 2704     
743.2 2704     
743.3 2704     
743.4 2705     
743.5 2705     
743.6 2705     
743.7 2706     
743.8 2706     
743.9 2706     
744   2707     
744.1 2707     
744.2 2708     
744.3 2708     
744.4 2708     
744.5 2709     
744.6 2710     
744.7 2710     
744.8 2711     
744.9 2711     
745   2712     
745.1 2713     
745.2 2713     
745.3 2714     
745.4 2715     
745.5 2715     
745.6 2716     
745.7 2717     
745.8 2718     
745.9 2718     
746   2719     
746.1 2720     
746.2 2720     
746.3 2721     
746.4 2722     
746.5 2722     
746.6 2723     
746.7 2724     
746.8 2725     
746.9 2725     
747   2726     
747.1 2726     
747.2 2727     
747.3 2728     
747.4 2728     
747.5 2729     
747.6 2729     
747.7 2729     
747.8 2730     
747.9 2730     
748   2730     
748.1 2730     
748.2 2730     
748.3 2730     
748.4 2730     
748.5 2729     
748.6 2729     
748.7 2729     
748.8 2728     
748.9 2728     
749   2728     
749.1 2727     
749.2 2726     
749.3 2726     
749.4 2726     
749.5 2725     
749.6 2725     
749.7 2724     
749.8 2724     
749.9 2723     
750   2723     
750.1 2722     
750.2 2722     
750.3 2721     
750.4 2721     
750.5 2721     
750.6 2720     
750.7 2720     
750.8 2720     
750.9 2719     
751   2719     
751.1 2718     
751.2 2718     
751.3 2718     
751.4 2718     
751.5 2717     
751.6 2717     
751.7 2717     
751.8 2717     
751.9 2716     
752   2716     
752.1 2716     
752.2 2716     
752.3 2716     
752.4 2715     
752.5 2715     
752.6 2715     
752.7 2715     
752.8 2715     
752.9 2714     
753   2714     
753.1 2714     
753.2 2713     
753.3 2713     
753.4 2713     
753.5 2712     
753.6 2712     
753.7 2711     
753.8 2711     
753.9 2710     
754   2710     
754.1 2709     
754.2 2708     
754.3 2708     
754.4 2707     
754.5 2706     
754.6 2705     
754.7 2705     
754.8 2704     
754.9 2703     
755   2702     
755.1 2701     
755.2 2700     
755.3 2700     
755.4 2699     
755.5 2698     
755.6 2697     
755.7 2697     
755.8 2696     
755.9 2695     
756   2694     
756.1 2694     
756.2 2693     
756.3 2692     
756.4 2692     
756.5 2691     
756.6 2691     
756.7 2690     
756.8 2689     
756.9 2689     
757   2688     
757.1 2688     
757.2 2687     
757.3 2687     
757.4 2686     
757.5 2686     
757.6 2685     
757.7 2685     
757.8 2685     
757.9 2684     
758   2684     
758.1 2683     
758.2 2683     
758.3 2682     
758.4 2682     
758.5 2682     
758.6 2681     
758.7 2681     
758.8 2681     
758.9 2680     
759   2680     
759.1 2680     
759.2 2679     
759.3 2679     
759.4 2679     
759.5 2678     
759.6 2678     
759.7 2678     
759.8 2678     
759.9 2677     
760   2677     
760.1 2676     
760.2 2676     
760.3 2676     
760.4 2675     
760.5 2675     
760.6 2675     
760.7 2674     
760.8 2674     
760.9 2673     
761   2673     
761.1 2672     
761.2 2672     
761.3 2671     
761.4 2671     
761.5 2670     
761.6 2670     
761.7 2669     
761.8 2669     
761.9 2668     
762   2668     
762.1 2667     
762.2 2666     
762.3 2665     
762.4 2665     
762.5 2664     
762.6 2663     
762.7 2662     
762.8 2661     
762.9 2660     
763   2659     
763.1 2658     
763.2 2657     
763.3 2656     
763.4 2655     
763.5 2654     
763.6 2653     
763.7 2652     
763.8 2650     
763.9 2649     
764   2648     
764.1 2646     
764.2 2645     
764.3 2644     
764.4 2642     
764.5 2641     
764.6 2640     
764.7 2638     
764.8 2636     
764.9 2635     
765   2633     
765.1 2632     
765.2 2630     
765.3 2628     
765.4 2627     
765.5 2625     
765.6 2623     
765.7 2621     
765.8 2619     
765.9 2617     
766   2615     
766.1 2613     
766.2 2611     
766.3 2609     
766.4 2607     
766.5 2605     
766.6 2603     
766.7 2601     
766.8 2599     
766.9 2597     
767   2595     
767.1 2594     
767.2 2592     
767.3 2591     
767.4 2590     
767.5 2589     
767.6 2588     
767.7 2589     
767.8 2589     
767.9 2589     
768   2590     
768.1 2590     
768.2 2591     
768.3 2591     
768.4 2592     
768.5 2591     
768.6 2591     
768.7 2590     
768.8 2590     
768.9 2590     
769   2589     
769.1 2589     
769.2 2589     
769.3 2588     
769.4 2588     
769.5 2589     
769.6 2589     
769.7 2589     
769.8 2589     
769.9 2589     
770   2590     
770.1 2590     
770.2 2590     
770.3 2591     
770.4 2591     
770.5 2592     
770.6 2592     
770.7 2592     
770.8 2593     
770.9 2593     
771   2594     
771.1 2594     
771.2 2594     
771.3 2595     
771.4 2595     
771.5 2596     
771.6 2597     
771.7 2597     
771.8 2598     
771.9 2598     
772   2599     
772.1 2599     
772.2 2600     
772.3 2600     
772.4 2600     
772.5 2601     
772.6 2601     
772.7 2602     
772.8 2602     
772.9 2603     
773   2603     
773.1 2604     
773.2 2605     
773.3 2606     
773.4 2607     
773.5 2608     
773.6 2610     
773.7 2609     
773.8 2609     
773.9 2609     
774   2609     
774.1 2609     
774.2 2610     
774.3 2610     
774.4 2610     
774.5 2611     
774.6 2611     
774.7 2611     
774.8 2612     
774.9 2612     
775   2612     
775.1 2612     
775.2 2612     
775.3 2612     
775.4 2612     
775.5 2612     
775.6 2612     
775.7 2612     
775.8 2611     
775.9 2611     
776   2611     
776.1 2610     
776.2 2610     
776.3 2610     
776.4 2609     
776.5 2609     
776.6 2608     
776.7 2608     
776.8 2607     
776.9 2607     
777   2606     
777.1 2606     
777.2 2605     
777.3 2604     
777.4 2604     
777.5 2603     
777.6 2602     
777.7 2601     
777.8 2600     
777.9 2599     
778   2598     
778.1 2597     
778.2 2596     
778.3 2595     
778.4 2594     
778.5 2592     
778.6 2591     
778.7 2590     
778.8 2588     
778.9 2587     
779   2586     
779.1 2585     
779.2 2584     
779.3 2583     
779.4 2583     
779.5 2582     
779.6 2581     
779.7 2579     
779.8 2578     
779.9 2576     
780   2575     
780.1 2573     
780.2 2571     
780.3 2570     
780.4 2569     
780.5 2567     
780.6 2566     
780.7 2565     
780.8 2565     
780.9 2564     
781   2564     
781.1 2564     
781.2 2564     
781.3 2564     
781.4 2565     
781.5 2565     
781.6 2566     
781.7 2567     
781.8 2568     
781.9 2569     
782   2570     
782.1 2571     
782.2 2572     
782.3 2573     
782.4 2574     
782.5 2575     
782.6 2575     
782.7 2576     
782.8 2577     
782.9 2578     
783   2579     
783.1 2579     
783.2 2580     
783.3 2581     
783.4 2582     
783.5 2583     
783.6 2584     
783.7 2584     
783.8 2585     
783.9 2586     
784   2587     
784.1 2587     
784.2 2588     
784.3 2589     
784.4 2590     
784.5 2590     
784.6 2591     
784.7 2592     
784.8 2592     
784.9 2593     
785   2593     
785.1 2594     
785.2 2594     
785.3 2595     
785.4 2595     
785.5 2595     
785.6 2596     
785.7 2596     
785.8 2596     
785.9 2597     
786   2597     
786.1 2597     
786.2 2598     
786.3 2599     
786.4 2599     
786.5 2600     
786.6 2601     
786.7 2602     
786.8 2603     
786.9 2604     
787   2606     
787.1 2607     
787.2 2609     
787.3 2610     
787.4 2612     
787.5 2613     
787.6 2615     
787.7 2616     
787.8 2618     
787.9 2619     
788   2621     
788.1 2622     
788.2 2623     
788.3 2625     
788.4 2626     
788.5 2627     
788.6 2628     
788.7 2629     
788.8 2630     
788.9 2631     
789   2631     
789.1 2632     
789.2 2632     
789.3 2633     
789.4 2633     
789.5 2633     
789.6 2633     
789.7 2633     
789.8 2632     
789.9 2632     
790   2631     
790.1 2630     
790.2 2629     
790.3 2627     
790.4 2626     
790.5 2624     
790.6 2622     
790.7 2619     
790.8 2617     
790.9 2614     
791   2611     
791.1 2608     
791.2 2605     
791.3 2602     
791.4 2599     
791.5 2595     
791.6 2592     
791.7 2588     
791.8 2585     
791.9 2582     
792   2579     
792.1 2576     
792.2 2573     
792.3 2572     
792.4 2571     
792.5 2570     
792.6 2570     
792.7 2569     
792.8 2569     
792.9 2568     
793   2568     
793.1 2567     
793.2 2567     
793.3 2567     
793.4 2566     
793.5 2566     
793.6 2565     
793.7 2565     
793.8 2564     
793.9 2563     
794   2562     
794.1 2562     
794.2 2561     
794.3 2560     
794.4 2559     
794.5 2558     
794.6 2557     
794.7 2556     
794.8 2554     
794.9 2553     
795   2552     
795.1 2550     
795.2 2548     
795.3 2547     
795.4 2545     
795.5 2543     
795.6 2542     
795.7 2540     
795.8 2538     
795.9 2535     
796   2533     
796.1 2531     
796.2 2529     
796.3 2526     
796.4 2524     
796.5 2521     
796.6 2519     
796.7 2516     
796.8 2513     
796.9 2510     
797   2508     
797.1 2505     
797.2 2502     
797.3 2499     
797.4 2496     
797.5 2492     
797.6 2489     
797.7 2486     
797.8 2483     
797.9 2479     
798   2476     
798.1 2472     
798.2 2468     
798.3 2465     
798.4 2461     
798.5 2457     
798.6 2454     
798.7 2450     
798.8 2446     
798.9 2443     
799   2439     
799.1 2436     
799.2 2433     
799.3 2429     
799.4 2426     
799.5 2422     
799.6 2418     
799.7 2414     
799.8 2410     
799.9 2405     
800   2401     
800.1 2396     
800.2 2391     
800.3 2387     
800.4 2382     
800.5 2377     
800.6 2373     
800.7 2368     
800.8 2363     
800.9 2358     
801   2354     
801.1 2349     
801.2 2344     
801.3 2339     
801.4 2335     
801.5 2330     
801.6 2325     
801.7 2320     
801.8 2315     
801.9 2310     
802   2305     
802.1 2300     
802.2 2295     
802.3 2289     
802.4 2284     
802.5 2279     
802.6 2273     
802.7 2268     
802.8 2263     
802.9 2258     
803   2252     
803.1 2247     
803.2 2242     
803.3 2236     
803.4 2231     
803.5 2226     
803.6 2220     
803.7 2215     
803.8 2210     
803.9 2205     
804   2200     
804.1 2195     
804.2 2190     
804.3 2186     
804.4 2181     
804.5 2177     
804.6 2172     
804.7 2168     
804.8 2164     
804.9 2161     
805   2158     
805.1 2155     
805.2 2152     
805.3 2150     
805.4 2148     
805.5 2146     
805.6 2145     
805.7 2143     
805.8 2141     
805.9 2140     
806   2139     
806.1 2137     
806.2 2136     
806.3 2135     
806.4 2133     
806.5 2132     
806.6 2131     
806.7 2130     
806.8 2129     
806.9 2128     
807   2127     
807.1 2126     
807.2 2125     
807.3 2124     
807.4 2123     
807.5 2122     
807.6 2121     
807.7 2121     
807.8 2120     
807.9 2120     
808   2119     
808.1 2119     
808.2 2118     
808.3 2118     
808.4 2118     
808.5 2117     
808.6 2117     
808.7 2117     
808.8 2117     
808.9 2116     
809   2116     
809.1 2116     
809.2 2116     
809.3 2115     
809.4 2115     
809.5 2115     
809.6 2115     
809.7 2115     
809.8 2114     
809.9 2114     
810   2114     
810.1 2114     
810.2 2114     
810.3 2114     
810.4 2114     
810.5 2114     
810.6 2114     
810.7 2114     
810.8 2114     
810.9 2115     
811   2115     
811.1 2115     
811.2 2116     
811.3 2116     
811.4 2117     
811.5 2117     
811.6 2118     
811.7 2118     
811.8 2119     
811.9 2119     
812   2120     
812.1 2120     
812.2 2121     
812.3 2121     
812.4 2121     
812.5 2122     
812.6 2122     
812.7 2123     
812.8 2123     
812.9 2124     
813   2124     
813.1 2124     
813.2 2125     
813.3 2125     
813.4 2126     
813.5 2126     
813.6 2126     
813.7 2127     
813.8 2127     
813.9 2128     
814   2128     
814.1 2129     
814.2 2129     
814.3 2130     
814.4 2130     
814.5 2130     
814.6 2131     
814.7 2131     
814.8 2132     
814.9 2132     
815   2133     
815.1 2133     
815.2 2134     
815.3 2134     
815.4 2135     
815.5 2135     
815.6 2136     
815.7 2136     
815.8 2136     
815.9 2137     
816   2137     
816.1 2138     
816.2 2139     
816.3 2139     
816.4 2139     
816.5 2140     
816.6 2141     
816.7 2141     
816.8 2141     
816.9 2142     
817   2142     
817.1 2143     
817.2 2144     
817.3 2144     
817.4 2145     
817.5 2145     
817.6 2146     
817.7 2146     
817.8 2147     
817.9 2147     
818   2148     
818.1 2148     
818.2 2149     
818.3 2149     
818.4 2150     
818.5 2151     
818.6 2151     
818.7 2152     
818.8 2152     
818.9 2153     
819   2154     
819.1 2154     
819.2 2155     
819.3 2155     
819.4 2156     
