
X_km  Z_floor  
629.7 8420     
629.8 8422     
629.9 8423     
630   8423     
630.1 8423     
630.2 8421     
630.3 8418     
630.4 8414     
630.5 8409     
630.6 8403     
630.7 8396     
630.8 8388     
630.9 8379     
631   8369     
631.1 8359     
631.2 8348     
631.3 8337     
631.4 8325     
631.5 8313     
631.6 8301     
631.7 8288     
631.8 8275     
631.9 8261     
632   8247     
632.1 8233     
632.2 8218     
632.3 8203     
632.4 8188     
632.5 8172     
632.6 8157     
632.7 8140     
632.8 8124     
632.9 8107     
633   8088     
633.1 8069     
633.2 8049     
633.3 8028     
633.4 8005     
633.5 7983     
633.6 7960     
633.7 7937     
633.8 7915     
633.9 7894     
634   7875     
634.1 7856     
634.2 7839     
634.3 7822     
634.4 7805     
634.5 7787     
634.6 7769     
634.7 7748     
634.8 7725     
634.9 7701     
635   7674     
635.1 7645     
635.2 7615     
635.3 7584     
635.4 7553     
635.5 7521     
635.6 7490     
635.7 7460     
635.8 7432     
635.9 7405     
636   7380     
636.1 7357     
636.2 7336     
636.3 7317     
636.4 7300     
636.5 7284     
636.6 7270     
636.7 7256     
636.8 7243     
636.9 7232     
637   7221     
637.1 7211     
637.2 7201     
637.3 7192     
637.4 7184     
637.5 7175     
637.6 7166     
637.7 7155     
637.8 7144     
637.9 7131     
638   7117     
638.1 7103     
638.2 7089     
638.3 7075     
638.4 7063     
638.5 7053     
638.6 7044     
638.7 7037     
638.8 7030     
638.9 7022     
639   7014     
639.1 7003     
639.2 6991     
639.3 6976     
639.4 6961     
639.5 6945     
639.6 6929     
639.7 6914     
639.8 6901     
639.9 6889     
640   6880     
640.1 6872     
640.2 6865     
640.3 6860     
640.4 6855     
640.5 6851     
640.6 6847     
640.7 6844     
640.8 6842     
640.9 6840     
641   6839     
641.1 6839     
641.2 6839     
641.3 6840     
641.4 6840     
641.5 6840     
641.6 6840     
641.7 6838     
641.8 6836     
641.9 6833     
642   6830     
642.1 6826     
642.2 6822     
642.3 6818     
642.4 6815     
642.5 6813     
642.6 6811     
642.7 6810     
642.8 6810     
642.9 6810     
643   6810     
643.1 6809     
643.2 6808     
643.3 6805     
643.4 6801     
643.5 6795     
643.6 6788     
643.7 6780     
643.8 6771     
643.9 6760     
644   6747     
644.1 6734     
644.2 6719     
644.3 6704     
644.4 6688     
644.5 6672     
644.6 6656     
644.7 6640     
644.8 6626     
644.9 6613     
645   6601     
645.1 6591     
645.2 6582     
645.3 6576     
645.4 6571     
645.5 6567     
645.6 6566     
645.7 6566     
645.8 6568     
645.9 6572     
646   6577     
646.1 6585     
646.2 6594     
646.3 6604     
646.4 6617     
646.5 6630     
646.6 6645     
646.7 6660     
646.8 6676     
646.9 6693     
647   6710     
647.1 6726     
647.2 6742     
647.3 6757     
647.4 6770     
647.5 6782     
647.6 6791     
647.7 6797     
647.8 6801     
647.9 6802     
648   6801     
648.1 6798     
648.2 6794     
648.3 6788     
648.4 6782     
648.5 6777     
648.6 6771     
648.7 6767     
648.8 6764     
648.9 6762     
649   6760     
649.1 6758     
649.2 6757     
649.3 6755     
649.4 6752     
649.5 6748     
649.6 6742     
649.7 6736     
649.8 6729     
649.9 6722     
650   6714     
650.1 6707     
650.2 6700     
650.3 6693     
650.4 6687     
650.5 6680     
650.6 6674     
650.7 6668     
650.8 6662     
650.9 6656     
651   6650     
651.1 6643     
651.2 6637     
651.3 6630     
651.4 6624     
651.5 6619     
651.6 6614     
651.7 6611     
651.8 6608     
651.9 6606     
652   6606     
652.1 6606     
652.2 6608     
652.3 6609     
652.4 6611     
652.5 6612     
652.6 6613     
652.7 6612     
652.8 6611     
652.9 6608     
653   6605     
653.1 6602     
653.2 6598     
653.3 6595     
653.4 6592     
653.5 6590     
653.6 6588     
653.7 6587     
653.8 6587     
653.9 6588     
654   6588     
654.1 6589     
654.2 6589     
654.3 6589     
654.4 6587     
654.5 6585     
654.6 6582     
654.7 6578     
654.8 6573     
654.9 6566     
655   6560     
655.1 6553     
655.2 6546     
655.3 6540     
655.4 6535     
655.5 6531     
655.6 6528     
655.7 6525     
655.8 6524     
655.9 6523     
656   6523     
656.1 6523     
656.2 6522     
656.3 6521     
656.4 6519     
656.5 6518     
656.6 6515     
656.7 6512     
656.8 6509     
656.9 6503     
657   6496     
657.1 6485     
657.2 6471     
657.3 6452     
657.4 6428     
657.5 6399     
657.6 6363     
657.7 6322     
657.8 6275     
657.9 6224     
658   6168     
658.1 6110     
658.2 6050     
658.3 5988     
658.4 5926     
658.5 5866     
658.6 5807     
658.7 5751     
658.8 5698     
658.9 5649     
659   5604     
659.1 5564     
659.2 5528     
659.3 5496     
659.4 5468     
659.5 5444     
659.6 5424     
659.7 5407     
659.8 5395     
659.9 5387     
660   5382     
660.1 5383     
660.2 5387     
660.3 5395     
660.4 5407     
660.5 5424     
660.6 5446     
660.7 5473     
660.8 5505     
660.9 5542     
661   5581     
661.1 5623     
661.2 5664     
661.3 5702     
661.4 5734     
661.5 5760     
661.6 5779     
661.7 5792     
661.8 5800     
661.9 5807     
662   5814     
662.1 5824     
662.2 5837     
662.3 5853     
662.4 5872     
662.5 5892     
662.6 5910     
662.7 5924     
662.8 5932     
662.9 5934     
663   5929     
663.1 5919     
663.2 5905     
663.3 5887     
663.4 5868     
663.5 5847     
663.6 5827     
663.7 5806     
663.8 5788     
663.9 5770     
664   5755     
664.1 5742     
664.2 5732     
664.3 5722     
664.4 5714     
664.5 5705     
664.6 5695     
664.7 5683     
664.8 5669     
664.9 5653     
665   5635     
665.1 5617     
665.2 5598     
665.3 5582     
665.4 5569     
665.5 5561     
665.6 5557     
665.7 5559     
665.8 5566     
665.9 5578     
666   5595     
666.1 5615     
666.2 5637     
666.3 5660     
666.4 5681     
666.5 5699     
666.6 5713     
666.7 5720     
666.8 5720     
666.9 5714     
667   5700     
667.1 5681     
667.2 5658     
667.3 5633     
667.4 5607     
667.5 5583     
667.6 5562     
667.7 5543     
667.8 5529     
667.9 5518     
668   5511     
668.1 5506     
668.2 5503     
668.3 5503     
668.4 5503     
668.5 5505     
668.6 5507     
668.7 5509     
668.8 5511     
668.9 5513     
669   5515     
669.1 5516     
669.2 5518     
669.3 5519     
669.4 5521     
669.5 5523     
669.6 5526     
669.7 5530     
669.8 5535     
669.9 5542     
670   5549     
670.1 5559     
670.2 5572     
670.3 5588     
670.4 5608     
670.5 5633     
670.6 5662     
670.7 5694     
670.8 5730     
670.9 5767     
671   5803     
671.1 5837     
671.2 5865     
671.3 5888     
671.4 5903     
671.5 5912     
671.6 5917     
671.7 5918     
671.8 5918     
671.9 5919     
672   5922     
672.1 5927     
672.2 5935     
672.3 5943     
672.4 5949     
672.5 5952     
672.6 5950     
672.7 5942     
672.8 5927     
672.9 5907     
673   5882     
673.1 5853     
673.2 5824     
673.3 5796     
673.4 5770     
673.5 5747     
673.6 5729     
673.7 5714     
673.8 5703     
673.9 5694     
674   5689     
674.1 5685     
674.2 5683     
674.3 5681     
674.4 5681     
674.5 5681     
674.6 5683     
674.7 5685     
674.8 5688     
674.9 5693     
675   5699     
675.1 5706     
675.2 5714     
675.3 5721     
675.4 5728     
675.5 5733     
675.6 5735     
675.7 5735     
675.8 5732     
675.9 5726     
676   5717     
676.1 5707     
676.2 5696     
676.3 5684     
676.4 5672     
676.5 5661     
676.6 5651     
676.7 5642     
676.8 5634     
676.9 5627     
677   5620     
677.1 5613     
677.2 5606     
677.3 5599     
677.4 5592     
677.5 5585     
677.6 5580     
677.7 5576     
677.8 5575     
677.9 5575     
678   5578     
678.1 5582     
678.2 5589     
678.3 5596     
678.4 5602     
678.5 5607     
678.6 5610     
678.7 5611     
678.8 5608     
678.9 5602     
679   5595     
679.1 5588     
679.2 5580     
679.3 5575     
679.4 5572     
679.5 5573     
679.6 5578     
679.7 5587     
679.8 5601     
679.9 5617     
680   5637     
680.1 5658     
680.2 5680     
680.3 5702     
680.4 5722     
680.5 5738     
680.6 5749     
680.7 5754     
680.8 5752     
680.9 5744     
681   5730     
681.1 5711     
681.2 5690     
681.3 5670     
681.4 5652     
681.5 5638     
681.6 5631     
681.7 5631     
681.8 5636     
681.9 5647     
682   5662     
682.1 5678     
682.2 5694     
682.3 5708     
682.4 5719     
682.5 5726     
682.6 5729     
682.7 5729     
682.8 5725     
682.9 5719     
683   5713     
683.1 5706     
683.2 5699     
683.3 5692     
683.4 5684     
683.5 5675     
683.6 5665     
683.7 5654     
683.8 5644     
683.9 5636     
684   5629     
684.1 5623     
684.2 5619     
684.3 5614     
684.4 5611     
684.5 5611     
684.6 5612     
684.7 5614     
684.8 5616     
684.9 5621     
685   5626     
685.1 5630     
685.2 5634     
685.3 5639     
685.4 5641     
685.5 5642     
685.6 5641     
685.7 5639     
685.8 5637     
685.9 5634     
686   5631     
686.1 5630     
686.2 5629     
686.3 5630     
686.4 5632     
686.5 5635     
686.6 5638     
686.7 5642     
686.8 5645     
686.9 5648     
687   5650     
687.1 5650     
687.2 5647     
687.3 5644     
687.4 5639     
687.5 5636     
687.6 5633     
687.7 5631     
687.8 5630     
687.9 5629     
688   5627     
688.1 5626     
688.2 5625     
688.3 5623     
688.4 5621     
688.5 5619     
688.6 5616     
688.7 5612     
688.8 5608     
688.9 5605     
689   5602     
689.1 5600     
689.2 5598     
689.3 5597     
689.4 5596     
689.5 5595     
689.6 5592     
689.7 5588     
689.8 5584     
689.9 5578     
690   5573     
690.1 5567     
690.2 5562     
690.3 5556     
690.4 5551     
690.5 5546     
690.6 5542     
690.7 5539     
690.8 5536     
690.9 5533     
691   5529     
691.1 5524     
691.2 5518     
691.3 5512     
691.4 5507     
691.5 5506     
691.6 5506     
691.7 5507     
691.8 5509     
691.9 5509     
692   5508     
692.1 5506     
692.2 5505     
692.3 5504     
692.4 5501     
692.5 5498     
692.6 5495     
692.7 5492     
692.8 5491     
692.9 5492     
693   5494     
693.1 5495     
693.2 5496     
693.3 5495     
693.4 5494     
693.5 5493     
693.6 5492     
693.7 5491     
693.8 5491     
693.9 5491     
694   5492     
694.1 5494     
694.2 5496     
694.3 5496     
694.4 5496     
694.5 5495     
694.6 5494     
694.7 5492     
694.8 5489     
694.9 5486     
695   5482     
695.1 5478     
695.2 5475     
695.3 5474     
695.4 5474     
695.5 5478     
695.6 5485     
695.7 5492     
695.8 5499     
695.9 5505     
696   5508     
696.1 5510     
696.2 5510     
696.3 5507     
696.4 5504     
696.5 5499     
696.6 5493     
696.7 5486     
696.8 5480     
696.9 5475     
697   5471     
697.1 5466     
697.2 5460     
697.3 5456     
697.4 5452     
697.5 5451     
697.6 5450     
697.7 5451     
697.8 5451     
697.9 5453     
698   5455     
698.1 5461     
698.2 5467     
698.3 5474     
698.4 5480     
698.5 5483     
698.6 5484     
698.7 5482     
698.8 5479     
698.9 5476     
699   5473     
699.1 5472     
699.2 5471     
699.3 5471     
699.4 5471     
699.5 5470     
699.6 5467     
699.7 5462     
699.8 5455     
699.9 5446     
700   5435     
700.1 5425     
700.2 5416     
700.3 5410     
700.4 5406     
700.5 5402     
700.6 5398     
700.7 5394     
700.8 5388     
700.9 5381     
701   5375     
701.1 5371     
701.2 5368     
701.3 5367     
701.4 5366     
701.5 5365     
701.6 5365     
701.7 5365     
701.8 5364     
701.9 5364     
702   5363     
702.1 5362     
702.2 5361     
702.3 5359     
702.4 5356     
702.5 5352     
702.6 5347     
702.7 5343     
702.8 5340     
702.9 5337     
703   5323     
703.1 5318     
703.2 5314     
703.3 5310     
703.4 5305     
703.5 5301     
703.6 5296     
703.7 5291     
703.8 5286     
703.9 5281     
704   5275     
704.1 5269     
704.2 5264     
704.3 5258     
704.4 5252     
704.5 5246     
704.6 5240     
704.7 5234     
704.8 5228     
704.9 5222     
705   5216     
705.1 5210     
705.2 5204     
705.3 5198     
705.4 5192     
705.5 5186     
705.6 5180     
705.7 5174     
705.8 5168     
705.9 5162     
706   5155     
706.1 5149     
706.2 5143     
706.3 5136     
706.4 5130     
706.5 5123     
706.6 5117     
706.7 5110     
706.8 5104     
706.9 5097     
707   5091     
707.1 5084     
707.2 5078     
707.3 5071     
707.4 5065     
707.5 5058     
707.6 5052     
707.7 5046     
707.8 5039     
707.9 5033     
708   5027     
708.1 5021     
708.2 5015     
708.3 5010     
708.4 5004     
708.5 4999     
708.6 4994     
708.7 4989     
708.8 4984     
708.9 4980     
709   4975     
709.1 4970     
709.2 4965     
709.3 4961     
709.4 4956     
709.5 4952     
709.6 4947     
709.7 4943     
709.8 4938     
709.9 4934     
710   4930     
710.1 4926     
710.2 4921     
710.3 4917     
710.4 4913     
710.5 4910     
710.6 4906     
710.7 4902     
710.8 4899     
710.9 4896     
711   4892     
711.1 4889     
711.2 4886     
711.3 4883     
711.4 4880     
711.5 4878     
711.6 4875     
711.7 4872     
711.8 4870     
711.9 4868     
712   4865     
712.1 4863     
712.2 4861     
712.3 4859     
712.4 4857     
712.5 4855     
712.6 4853     
712.7 4851     
712.8 4849     
712.9 4847     
713   4846     
713.1 4844     
713.2 4842     
713.3 4841     
713.4 4839     
713.5 4837     
713.6 4836     
713.7 4834     
713.8 4832     
713.9 4830     
714   4828     
714.1 4827     
714.2 4825     
714.3 4823     
714.4 4821     
714.5 4819     
714.6 4817     
714.7 4814     
714.8 4812     
714.9 4809     
715   4806     
715.1 4803     
715.2 4800     
715.3 4797     
715.4 4794     
715.5 4790     
715.6 4787     
715.7 4783     
715.8 4780     
715.9 4776     
716   4772     
716.1 4768     
716.2 4765     
716.3 4761     
716.4 4757     
716.5 4752     
716.6 4748     
716.7 4744     
716.8 4739     
716.9 4735     
717   4731     
717.1 4726     
717.2 4721     
717.3 4717     
717.4 4712     
717.5 4708     
717.6 4703     
717.7 4698     
717.8 4694     
717.9 4689     
718   4684     
718.1 4680     
718.2 4675     
718.3 4671     
718.4 4666     
718.5 4662     
718.6 4658     
718.7 4654     
718.8 4649     
718.9 4645     
719   4641     
719.1 4637     
719.2 4633     
719.3 4628     
719.4 4624     
719.5 4620     
719.6 4616     
719.7 4611     
719.8 4607     
719.9 4603     
720   4599     
720.1 4595     
720.2 4591     
720.3 4587     
720.4 4583     
720.5 4579     
720.6 4575     
720.7 4571     
720.8 4567     
720.9 4562     
721   4558     
721.1 4554     
721.2 4549     
721.3 4545     
721.4 4540     
721.5 4536     
721.6 4531     
721.7 4527     
721.8 4523     
721.9 4519     
722   4514     
722.1 4510     
722.2 4507     
722.3 4503     
722.4 4499     
722.5 4495     
722.6 4491     
722.7 4487     
722.8 4483     
722.9 4479     
723   4475     
723.1 4471     
723.2 4467     
723.3 4462     
723.4 4458     
723.5 4453     
723.6 4448     
723.7 4444     
723.8 4439     
723.9 4435     
724   4431     
724.1 4427     
724.2 4423     
724.3 4419     
724.4 4416     
724.5 4413     
724.6 4410     
724.7 4407     
724.8 4404     
724.9 4401     
725   4398     
725.1 4395     
725.2 4392     
725.3 4390     
725.4 4387     
725.5 4384     
725.6 4382     
725.7 4379     
725.8 4377     
725.9 4374     
726   4372     
726.1 4370     
726.2 4368     
726.3 4367     
726.4 4365     
726.5 4364     
726.6 4363     
726.7 4362     
726.8 4361     
726.9 4361     
727   4360     
727.1 4359     
727.2 4359     
727.3 4358     
727.4 4357     
727.5 4357     
727.6 4356     
727.7 4355     
727.8 4355     
727.9 4354     
728   4354     
728.1 4354     
728.2 4353     
728.3 4354     
728.4 4354     
728.5 4354     
728.6 4354     
728.7 4354     
728.8 4354     
728.9 4354     
729   4354     
729.1 4353     
729.2 4353     
729.3 4352     
729.4 4351     
729.5 4350     
729.6 4349     
729.7 4348     
729.8 4347     
729.9 4346     
730   4346     
730.1 4345     
730.2 4344     
730.3 4343     
730.4 4342     
730.5 4341     
730.6 4340     
730.7 4339     
730.8 4338     
730.9 4337     
731   4336     
731.1 4335     
731.2 4334     
731.3 4333     
731.4 4332     
731.5 4331     
731.6 4329     
731.7 4328     
731.8 4327     
731.9 4325     
732   4324     
732.1 4323     
732.2 4321     
732.3 4320     
732.4 4319     
732.5 4317     
732.6 4316     
732.7 4315     
732.8 4314     
732.9 4313     
733   4312     
733.1 4311     
733.2 4310     
733.3 4309     
733.4 4309     
733.5 4308     
733.6 4308     
733.7 4307     
733.8 4307     
733.9 4306     
734   4306     
734.1 4306     
734.2 4305     
734.3 4305     
734.4 4305     
734.5 4304     
734.6 4303     
734.7 4303     
734.8 4302     
734.9 4301     
735   4300     
735.1 4298     
735.2 4297     
735.3 4296     
735.4 4294     
735.5 4293     
735.6 4291     
735.7 4290     
735.8 4288     
735.9 4286     
736   4285     
736.1 4283     
736.2 4281     
736.3 4280     
736.4 4278     
736.5 4276     
736.6 4274     
736.7 4273     
736.8 4271     
736.9 4270     
737   4268     
737.1 4266     
737.2 4265     
737.3 4264     
737.4 4262     
737.5 4261     
737.6 4259     
737.7 4258     
737.8 4257     
737.9 4255     
738   4254     
738.1 4252     
738.2 4251     
738.3 4249     
738.4 4248     
738.5 4246     
738.6 4244     
738.7 4243     
738.8 4241     
738.9 4239     
739   4237     
739.1 4236     
739.2 4234     
739.3 4232     
739.4 4230     
739.5 4229     
739.6 4227     
739.7 4226     
739.8 4224     
739.9 4223     
740   4221     
740.1 4220     
740.2 4218     
740.3 4217     
740.4 4216     
740.5 4214     
740.6 4213     
740.7 4212     
740.8 4210     
740.9 4209     
741   4208     
741.1 4207     
741.2 4205     
741.3 4204     
741.4 4203     
741.5 4202     
741.6 4200     
741.7 4199     
741.8 4198     
741.9 4196     
742   4195     
742.1 4194     
742.2 4192     
742.3 4191     
742.4 4189     
742.5 4188     
742.6 4187     
742.7 4185     
742.8 4184     
742.9 4183     
743   4181     
743.1 4180     
743.2 4179     
743.3 4178     
743.4 4177     
743.5 4176     
743.6 4174     
743.7 4173     
743.8 4172     
743.9 4171     
744   4170     
744.1 4169     
744.2 4168     
744.3 4167     
744.4 4167     
744.5 4166     
744.6 4165     
744.7 4164     
744.8 4163     
744.9 4163     
745   4162     
745.1 4161     
745.2 4160     
745.3 4160     
745.4 4159     
745.5 4158     
745.6 4157     
745.7 4157     
745.8 4156     
745.9 4155     
746   4154     
746.1 4154     
746.2 4153     
746.3 4152     
746.4 4151     
746.5 4151     
746.6 4150     
746.7 4149     
746.8 4149     
746.9 4148     
747   4147     
747.1 4146     
747.2 4146     
747.3 4145     
747.4 4144     
747.5 4143     
747.6 4142     
747.7 4141     
747.8 4140     
747.9 4139     
748   4138     
748.1 4137     
748.2 4136     
748.3 4135     
748.4 4134     
748.5 4132     
748.6 4131     
748.7 4130     
748.8 4128     
748.9 4127     
749   4125     
749.1 4123     
749.2 4122     
749.3 4120     
749.4 4118     
749.5 4116     
749.6 4114     
749.7 4112     
749.8 4110     
749.9 4107     
750   4105     
750.1 4102     
750.2 4100     
750.3 4097     
750.4 4094     
750.5 4091     
750.6 4088     
750.7 4085     
750.8 4082     
750.9 4079     
751   4076     
751.1 4073     
751.2 4070     
751.3 4068     
751.4 4065     
751.5 4062     
751.6 4059     
751.7 4057     
751.8 4054     
751.9 4051     
752   4049     
752.1 4046     
752.2 4044     
752.3 4042     
752.4 4040     
752.5 4037     
752.6 4035     
752.7 4033     
752.8 4032     
752.9 4030     
753   4028     
753.1 4026     
753.2 4025     
753.3 4023     
753.4 4022     
753.5 4020     
753.6 4019     
753.7 4017     
753.8 4016     
753.9 4015     
754   4014     
754.1 4013     
754.2 4012     
754.3 4010     
754.4 4009     
754.5 4008     
754.6 4007     
754.7 4006     
754.8 4005     
754.9 4004     
755   4003     
755.1 4002     
755.2 4001     
755.3 4000     
755.4 3999     
755.5 3998     
755.6 3997     
755.7 3996     
755.8 3995     
755.9 3994     
756   3993     
756.1 3992     
756.2 3991     
756.3 3990     
756.4 3989     
756.5 3988     
756.6 3987     
756.7 3987     
756.8 3986     
756.9 3985     
757   3984     
757.1 3983     
757.2 3983     
757.3 3982     
757.4 3981     
757.5 3981     
757.6 3980     
757.7 3980     
757.8 3979     
757.9 3978     
758   3978     
758.1 3977     
758.2 3977     
758.3 3976     
758.4 3975     
758.5 3975     
758.6 3974     
758.7 3973     
758.8 3972     
758.9 3972     
759   3971     
759.1 3970     
759.2 3969     
759.3 3968     
759.4 3967     
759.5 3966     
759.6 3965     
759.7 3963     
759.8 3962     
759.9 3960     
760   3959     
760.1 3957     
760.2 3955     
760.3 3953     
760.4 3950     
760.5 3948     
760.6 3945     
760.7 3943     
760.8 3940     
760.9 3937     
761   3934     
761.1 3931     
761.2 3928     
761.3 3924     
761.4 3921     
761.5 3917     
761.6 3913     
761.7 3909     
761.8 3905     
761.9 3901     
762   3897     
762.1 3892     
762.2 3887     
762.3 3882     
762.4 3877     
762.5 3872     
762.6 3867     
762.7 3862     
762.8 3856     
762.9 3850     
763   3844     
763.1 3838     
763.2 3832     
763.3 3826     
763.4 3820     
763.5 3814     
763.6 3807     
763.7 3801     
763.8 3794     
763.9 3788     
764   3781     
764.1 3775     
764.2 3768     
764.3 3762     
764.4 3755     
764.5 3749     
764.6 3743     
764.7 3737     
764.8 3731     
764.9 3725     
765   3719     
765.1 3713     
765.2 3708     
765.3 3702     
765.4 3697     
765.5 3691     
765.6 3686     
765.7 3681     
765.8 3676     
765.9 3671     
766   3667     
766.1 3662     
766.2 3658     
766.3 3653     
766.4 3649     
766.5 3645     
766.6 3641     
766.7 3638     
766.8 3634     
766.9 3631     
767   3628     
767.1 3625     
767.2 3622     
767.3 3619     
767.4 3617     
767.5 3614     
767.6 3612     
767.7 3610     
767.8 3607     
767.9 3605     
768   3604     
768.1 3602     
768.2 3591     
768.3 3587     
768.4 3583     
768.5 3580     
768.6 3577     
768.7 3575     
768.8 3574     
768.9 3573     
769   3573     
769.1 3573     
769.2 3573     
769.3 3572     
769.4 3572     
769.5 3571     
769.6 3571     
769.7 3570     
769.8 3570     
769.9 3569     
770   3568     
770.1 3568     
770.2 3567     
770.3 3566     
770.4 3565     
770.5 3564     
770.6 3563     
770.7 3562     
770.8 3560     
770.9 3559     
771   3558     
771.1 3556     
771.2 3555     
771.3 3554     
771.4 3553     
771.5 3551     
771.6 3548     
771.7 3545     
771.8 3542     
771.9 3538     
772   3535     
772.1 3531     
772.2 3527     
772.3 3522     
772.4 3518     
772.5 3514     
772.6 3510     
772.7 3507     
772.8 3503     
772.9 3500     
773   3498     
773.1 3496     
773.2 3495     
773.3 3493     
773.4 3492     
773.5 3492     
773.6 3491     
773.7 3490     
773.8 3489     
773.9 3487     
774   3485     
774.1 3482     
774.2 3479     
774.3 3476     
774.4 3473     
774.5 3470     
774.6 3467     
774.7 3463     
774.8 3460     
774.9 3457     
775   3453     
775.1 3450     
775.2 3446     
775.3 3443     
775.4 3440     
775.5 3436     
775.6 3433     
775.7 3430     
775.8 3427     
775.9 3424     
776   3422     
776.1 3419     
776.2 3417     
776.3 3415     
776.4 3413     
776.5 3411     
776.6 3409     
776.7 3407     
776.8 3406     
776.9 3404     
777   3403     
777.1 3402     
777.2 3401     
777.3 3401     
777.4 3400     
777.5 3400     
777.6 3400     
777.7 3400     
777.8 3400     
777.9 3400     
778   3400     
778.1 3400     
778.2 3400     
778.3 3399     
778.4 3399     
778.5 3397     
778.6 3396     
778.7 3393     
778.8 3389     
778.9 3385     
779   3380     
779.1 3375     
779.2 3370     
779.3 3367     
779.4 3363     
779.5 3360     
779.6 3358     
779.7 3355     
779.8 3354     
779.9 3352     
780   3351     
780.1 3351     
780.2 3350     
780.3 3350     
780.4 3349     
780.5 3349     
780.6 3348     
780.7 3347     
780.8 3346     
780.9 3346     
781   3345     
781.1 3344     
781.2 3343     
781.3 3342     
781.4 3342     
781.5 3341     
781.6 3340     
781.7 3340     
781.8 3338     
781.9 3337     
782   3335     
782.1 3332     
782.2 3330     
782.3 3328     
782.4 3325     
782.5 3323     
782.6 3321     
782.7 3320     
782.8 3318     
782.9 3316     
783   3315     
783.1 3313     
783.2 3312     
783.3 3311     
783.4 3309     
783.5 3308     
783.6 3306     
783.7 3305     
783.8 3303     
783.9 3302     
784   3301     
784.1 3300     
784.2 3299     
784.3 3298     
784.4 3297     
784.5 3296     
784.6 3296     
784.7 3296     
784.8 3295     
784.9 3295     
785   3294     
785.1 3293     
785.2 3292     
785.3 3290     
785.4 3287     
785.5 3284     
785.6 3280     
785.7 3275     
785.8 3271     
785.9 3266     
786   3263     
786.1 3261     
786.2 3260     
786.3 3261     
786.4 3264     
786.5 3267     
786.6 3271     
786.7 3275     
786.8 3278     
786.9 3280     
787   3283     
787.1 3285     
787.2 3286     
787.3 3287     
787.4 3288     
787.5 3288     
787.6 3288     
787.7 3287     
787.8 3286     
787.9 3284     
788   3283     
788.1 3280     
788.2 3278     
788.3 3276     
788.4 3273     
788.5 3270     
788.6 3267     
788.7 3263     
788.8 3259     
788.9 3255     
789   3251     
789.1 3247     
789.2 3243     
789.3 3239     
789.4 3236     
789.5 3233     
789.6 3230     
789.7 3227     
789.8 3225     
789.9 3223     
790   3221     
790.1 3219     
790.2 3217     
790.3 3215     
790.4 3214     
790.5 3212     
790.6 3211     
790.7 3209     
790.8 3207     
790.9 3205     
791   3203     
791.1 3201     
791.2 3199     
791.3 3197     
791.4 3194     
791.5 3192     
791.6 3189     
791.7 3185     
791.8 3182     
791.9 3179     
792   3177     
792.1 3176     
792.2 3176     
792.3 3175     
792.4 3174     
792.5 3172     
792.6 3169     
792.7 3167     
792.8 3164     
792.9 3162     
793   3161     
793.1 3159     
793.2 3157     
793.3 3155     
793.4 3153     
793.5 3151     
793.6 3149     
793.7 3147     
793.8 3145     
793.9 3142     
794   3140     
794.1 3138     
794.2 3136     
794.3 3134     
794.4 3131     
794.5 3129     
794.6 3126     
794.7 3124     
794.8 3121     
794.9 3119     
795   3116     
795.1 3113     
795.2 3111     
795.3 3108     
795.4 3105     
795.5 3102     
795.6 3100     
795.7 3097     
795.8 3094     
795.9 3092     
796   3089     
796.1 3086     
796.2 3083     
796.3 3080     
796.4 3077     
796.5 3074     
796.6 3071     
796.7 3067     
796.8 3064     
796.9 3061     
797   3058     
797.1 3055     
797.2 3052     
797.3 3048     
797.4 3044     
797.5 3040     
797.6 3036     
797.7 3032     
797.8 3027     
797.9 3023     
798   3019     
798.1 3015     
798.2 3012     
798.3 3008     
798.4 3004     
798.5 3000     
798.6 2995     
798.7 2989     
798.8 2981     
798.9 2973     
799   2963     
799.1 2952     
799.2 2940     
799.3 2928     
799.4 2916     
799.5 2905     
799.6 2895     
799.7 2887     
799.8 2879     
799.9 2873     
800   2868     
800.1 2863     
800.2 2858     
800.3 2853     
800.4 2847     
800.5 2841     
800.6 2834     
800.7 2827     
800.8 2819     
800.9 2812     
801   2804     
801.1 2796     
801.2 2788     
801.3 2779     
801.4 2771     
801.5 2762     
801.6 2753     
801.7 2743     
801.8 2733     
801.9 2723     
802   2713     
802.1 2704     
802.2 2695     
802.3 2688     
802.4 2682     
802.5 2676     
802.6 2671     
802.7 2667     
802.8 2663     
802.9 2659     
803   2654     
803.1 2650     
803.2 2646     
803.3 2642     
803.4 2638     
803.5 2634     
803.6 2630     
803.7 2626     
803.8 2622     
803.9 2618     
804   2614     
804.1 2611     
804.2 2607     
804.3 2604     
804.4 2601     
804.5 2599     
804.6 2596     
804.7 2595     
804.8 2593     
804.9 2592     
805   2592     
805.1 2591     
805.2 2590     
805.3 2589     
805.4 2587     
805.5 2584     
805.6 2581     
805.7 2577     
805.8 2573     
805.9 2570     
806   2566     
806.1 2562     
806.2 2558     
806.3 2554     
806.4 2550     
806.5 2546     
806.6 2542     
806.7 2537     
806.8 2533     
806.9 2528     
807   2523     
807.1 2518     
807.2 2512     
807.3 2506     
807.4 2500     
807.5 2494     
807.6 2488     
807.7 2483     
807.8 2480     
807.9 2477     
808   2475     
808.1 2474     
808.2 2474     
808.3 2474     
808.4 2474     
808.5 2474     
808.6 2474     
808.7 2474     
808.8 2474     
808.9 2475     
809   2475     
809.1 2475     
809.2 2476     
809.3 2476     
809.4 2476     
809.5 2477     
809.6 2477     
809.7 2478     
809.8 2479     
809.9 2479     
810   2479     
810.1 2478     
810.2 2476     
810.3 2474     
810.4 2472     
810.5 2469     
810.6 2466     
810.7 2464     
810.8 2461     
810.9 2459     
811   2457     
811.1 2456     
811.2 2455     
811.3 2455     
811.4 2456     
811.5 2456     
811.6 2457     
811.7 2458     
811.8 2459     
811.9 2460     
812   2461     
812.1 2462     
812.2 2462     
812.3 2463     
812.4 2464     
812.5 2464     
812.6 2465     
812.7 2465     
812.8 2464     
812.9 2462     
813   2460     
813.1 2458     
813.2 2455     
813.3 2452     
813.4 2450     
813.5 2447     
813.6 2445     
813.7 2444     
813.8 2443     
813.9 2443     
814   2444     
814.1 2446     
814.2 2449     
814.3 2453     
814.4 2456     
814.5 2460     
814.6 2463     
814.7 2465     
814.8 2468     
814.9 2469     
815   2469     
815.1 2469     
815.2 2467     
815.3 2465     
815.4 2462     
815.5 2459     
815.6 2455     
815.7 2451     
815.8 2447     
815.9 2443     
816   2441     
817.2 2387     
817.3 2383     
817.4 2379     
